./FontKingthings24.png
95
 
!
"
#
$
%
&
'
(
)
*
+
,
-
.
/
0
1
2
3
4
5
6
7
8
9
:
;
<
=
>
?
@
A
B
C
D
E
F
G
H
I
J
K
L
M
N
O
P
Q
R
S
T
U
V
W
X
Y
Z
[
\
]
^
_
`
a
b
c
d
e
f
g
h
i
j
k
l
m
n
o
p
q
r
s
t
u
v
w
x
y
z
{
|
}
~
11
16
20
25
22
26
31
15
18
18
19
24
16
24
16
18
25
19
22
22
26
22
25
22
23
25
17
16
22
24
22
25
32
32
28
27
29
26
25
29
30
20
28
30
26
36
30
28
26
28
29
26
29
30
30
36
28
27
26
19
19
20
20
27
18
25
23
23
25
23
21
24
24
19
18
25
18
33
26
23
25
24
22
23
22
26
26
32
25
25
21
17
18
17
26
-11 -5 -5 -5 -5 -5 -5 -5 -5 -5 -5 -5 -5 -5 -5 -5 -5 -5 -5 -5 -5 -5 -5 -5 -5 -5 -5 -5 -5 -5 -5 -5 -5 -5 -5 -5 -5 -5 -5 -5 -5 -5 -5 -5 -5 -6 -5 -5 -5 -5 -5 -5 -5 -5 -5 -5 -5 -5 -5 -5 -5 -5 -6 -5 -5 -5 -5 -5 -5 -5 -5 -5 -5 -5 -5 -5 -5 -5 -5 -5 -5 -5 -5 -5 -5 -5 -5 -5 -5 -5 -5 -5 -5 -5 -5 
-11 -11 -11 -11 -10 -11 -10 -11 -11 -11 -11 -11 -11 -11 -10 -11 -11 -11 -11 -11 -11 -10 -11 -11 -11 -11 -11 -11 -11 -10 -11 -11 -11 -11 -11 -11 -11 -11 -10 -11 -11 -11 -11 -11 -11 -11 -11 -11 -10 -10 -11 -10 -11 -11 -11 -11 -10 -11 -11 -10 -11 -11 -11 -11 -11 -11 -11 -11 -11 -11 -11 -11 -11 -11 -11 -11 -11 -11 -11 -10 -11 -10 -11 -11 -10 -11 -11 -11 -11 -11 -11 -11 -11 -11 -11 
-11 -11 -12 -12 -11 -12 -11 -11 -11 -12 -11 -11 -11 -12 -11 -11 -12 -11 -11 -11 -11 -11 -12 -11 -12 -11 -12 -11 -12 -11 -12 -12 -12 -11 -11 -11 -11 -11 -11 -11 -11 -11 -11 -12 -11 -12 -11 -11 -11 -11 -11 -11 -11 -11 -12 -11 -11 -12 -11 -11 -12 -11 -12 -12 -12 -12 -12 -12 -12 -12 -12 -11 -11 -11 -12 -11 -12 -12 -12 -11 -11 -11 -12 -12 -11 -12 -12 -11 -11 -11 -12 -11 -12 -11 -12 
-11 -11 -12 -12 -11 -12 -11 -11 -11 -12 -11 -11 -11 -12 -11 -11 -12 -11 -11 -11 -11 -11 -12 -11 -12 -11 -12 -11 -12 -11 -12 -12 -12 -11 -11 -11 -11 -11 -11 -11 -11 -11 -11 -12 -11 -12 -11 -11 -11 -11 -11 -11 -11 -11 -12 -11 -11 -12 -11 -11 -12 -11 -12 -12 -12 -12 -12 -12 -12 -12 -12 -11 -11 -11 -12 -11 -12 -12 -12 -11 -11 -11 -12 -12 -11 -12 -12 -11 -11 -11 -12 -11 -12 -11 -12 
-11 -10 -11 -11 -10 -11 -10 -11 -11 -11 -10 -11 -11 -11 -10 -10 -11 -11 -10 -10 -11 -10 -11 -11 -11 -11 -11 -11 -11 -10 -11 -11 -11 -11 -11 -11 -10 -11 -10 -11 -11 -11 -11 -11 -11 -11 -10 -11 -10 -10 -11 -10 -11 -11 -11 -11 -10 -11 -11 -10 -11 -10 -11 -11 -11 -11 -11 -11 -11 -11 -11 -11 -11 -11 -11 -11 -11 -11 -11 -10 -10 -10 -11 -11 -10 -11 -11 -10 -11 -11 -11 -10 -11 -10 -11 
-11 -11 -12 -12 -11 -12 -11 -11 -11 -12 -11 -12 -12 -12 -11 -11 -12 -11 -11 -11 -11 -11 -12 -11 -12 -12 -12 -11 -12 -11 -12 -12 -12 -11 -11 -11 -11 -11 -11 -12 -12 -11 -11 -12 -12 -12 -11 -12 -11 -11 -12 -11 -11 -11 -12 -11 -11 -12 -11 -11 -12 -11 -12 -12 -12 -12 -12 -12 -12 -12 -12 -12 -12 -11 -12 -11 -12 -12 -12 -11 -11 -11 -12 -12 -11 -12 -12 -11 -11 -11 -12 -11 -12 -11 -12 
-11 -10 -11 -11 -10 -11 -10 -11 -11 -11 -10 -11 -11 -11 -10 -10 -11 -11 -10 -10 -11 -10 -11 -11 -11 -11 -11 -10 -11 -10 -11 -11 -11 -10 -11 -11 -10 -11 -10 -11 -11 -11 -11 -11 -11 -11 -10 -11 -10 -10 -11 -10 -11 -11 -11 -11 -10 -11 -11 -10 -11 -10 -11 -11 -11 -11 -11 -11 -11 -11 -11 -11 -11 -11 -11 -10 -11 -11 -11 -10 -10 -10 -11 -11 -10 -11 -11 -10 -10 -11 -11 -10 -11 -10 -11 
-11 -11 -11 -11 -11 -11 -11 -11 -11 -11 -11 -11 -11 -11 -11 -11 -11 -11 -11 -11 -11 -11 -11 -11 -11 -11 -11 -11 -11 -11 -12 -11 -11 -11 -11 -11 -11 -11 -11 -11 -11 -11 -11 -12 -11 -12 -11 -11 -11 -11 -11 -11 -11 -11 -11 -11 -11 -11 -11 -11 -11 -11 -12 -11 -11 -11 -11 -11 -11 -11 -11 -11 -11 -11 -11 -11 -11 -11 -11 -11 -11 -11 -11 -11 -11 -11 -11 -11 -11 -11 -11 -11 -11 -11 -11 
-11 -11 -11 -11 -11 -11 -11 -11 -11 -11 -11 -11 -11 -11 -11 -11 -11 -11 -11 -11 -11 -11 -11 -11 -12 -11 -11 -11 -11 -11 -12 -11 -11 -11 -11 -11 -11 -11 -11 -11 -11 -11 -11 -12 -11 -12 -11 -11 -11 -11 -11 -11 -11 -11 -11 -11 -11 -11 -11 -11 -11 -11 -12 -11 -11 -11 -11 -12 -11 -12 -11 -11 -11 -11 -11 -11 -11 -12 -11 -11 -11 -11 -12 -11 -11 -11 -11 -11 -11 -11 -11 -11 -11 -11 -12 
-11 -11 -12 -12 -11 -12 -11 -11 -11 -12 -11 -11 -11 -12 -11 -11 -12 -11 -11 -11 -11 -11 -12 -11 -12 -11 -12 -11 -12 -11 -12 -12 -12 -11 -11 -11 -11 -11 -11 -11 -11 -11 -11 -12 -11 -12 -11 -11 -11 -11 -11 -11 -11 -11 -12 -11 -11 -12 -11 -11 -12 -11 -12 -11 -12 -11 -12 -12 -12 -12 -12 -11 -11 -11 -12 -11 -12 -12 -12 -11 -11 -11 -12 -12 -11 -12 -11 -11 -11 -11 -12 -11 -12 -11 -12 
-11 -11 -11 -11 -10 -11 -10 -11 -11 -11 -11 -11 -11 -11 -10 -11 -11 -11 -11 -11 -11 -10 -11 -11 -11 -11 -11 -11 -11 -11 -11 -11 -11 -11 -11 -11 -11 -11 -10 -11 -11 -11 -11 -11 -11 -11 -11 -11 -11 -10 -11 -10 -11 -11 -11 -11 -11 -11 -11 -10 -11 -11 -11 -11 -11 -11 -11 -11 -11 -11 -11 -11 -11 -11 -11 -11 -11 -11 -11 -10 -11 -11 -11 -11 -11 -11 -11 -11 -11 -11 -11 -11 -11 -11 -11 
-11 -11 -11 -11 -11 -12 -11 -11 -11 -11 -11 -11 -11 -12 -11 -11 -12 -11 -11 -11 -11 -11 -12 -11 -12 -11 -11 -11 -12 -11 -12 -12 -12 -11 -11 -11 -11 -11 -11 -11 -11 -11 -11 -12 -11 -12 -11 -11 -11 -11 -11 -11 -11 -11 -11 -11 -11 -11 -11 -11 -11 -11 -12 -11 -11 -11 -11 -12 -12 -12 -12 -11 -11 -11 -11 -11 -12 -12 -12 -11 -11 -11 -12 -12 -11 -11 -11 -11 -11 -11 -12 -11 -11 -11 -12 
-11 -11 -11 -11 -11 -12 -11 -11 -11 -11 -11 -11 -11 -12 -11 -11 -12 -11 -11 -11 -11 -11 -12 -11 -12 -11 -11 -11 -12 -11 -12 -12 -12 -11 -11 -11 -11 -11 -11 -11 -11 -11 -11 -12 -11 -12 -11 -11 -11 -11 -11 -11 -11 -11 -11 -11 -11 -11 -11 -11 -11 -11 -12 -11 -11 -11 -11 -12 -12 -12 -12 -11 -11 -11 -11 -11 -12 -12 -12 -11 -11 -11 -12 -12 -11 -11 -11 -11 -11 -11 -12 -11 -11 -11 -12 
-11 -11 -12 -12 -11 -12 -11 -11 -11 -12 -11 -12 -12 -12 -11 -11 -12 -11 -11 -11 -11 -11 -12 -11 -12 -12 -12 -11 -12 -11 -12 -12 -12 -11 -11 -11 -11 -11 -11 -12 -12 -11 -11 -12 -12 -12 -11 -12 -11 -11 -12 -11 -11 -11 -12 -11 -11 -12 -11 -11 -12 -11 -12 -12 -12 -12 -12 -12 -12 -12 -12 -12 -12 -11 -12 -11 -12 -12 -12 -11 -11 -11 -12 -12 -11 -12 -12 -11 -11 -11 -12 -11 -12 -11 -12 
-11 -10 -11 -11 -10 -11 -10 -11 -11 -11 -10 -11 -11 -11 -10 -10 -11 -11 -11 -10 -11 -10 -11 -11 -11 -11 -11 -11 -11 -10 -11 -11 -11 -11 -11 -11 -10 -11 -10 -11 -11 -11 -11 -11 -11 -11 -10 -11 -10 -10 -11 -10 -11 -11 -11 -11 -10 -11 -11 -10 -11 -10 -11 -11 -11 -11 -11 -11 -11 -11 -11 -11 -11 -11 -11 -11 -11 -11 -11 -10 -11 -10 -11 -11 -10 -11 -11 -11 -11 -11 -11 -10 -11 -11 -11 
-11 -11 -11 -11 -10 -11 -10 -11 -11 -11 -11 -11 -11 -11 -10 -10 -11 -11 -11 -11 -11 -10 -11 -11 -11 -11 -11 -11 -11 -10 -11 -11 -11 -11 -11 -11 -11 -11 -10 -11 -11 -11 -11 -11 -11 -11 -11 -11 -10 -10 -11 -10 -11 -11 -11 -11 -10 -11 -11 -10 -11 -10 -11 -11 -11 -11 -11 -11 -11 -11 -11 -11 -11 -11 -11 -11 -11 -11 -11 -10 -11 -10 -11 -11 -10 -11 -11 -11 -11 -11 -11 -11 -11 -11 -11 
-11 -11 -12 -12 -11 -12 -11 -11 -11 -12 -11 -12 -12 -12 -11 -11 -12 -11 -11 -11 -11 -11 -12 -11 -12 -12 -12 -11 -12 -11 -12 -12 -12 -11 -11 -11 -11 -11 -11 -12 -12 -11 -11 -12 -12 -12 -11 -12 -11 -11 -12 -11 -11 -11 -12 -11 -11 -12 -11 -11 -12 -11 -12 -12 -12 -12 -12 -12 -12 -12 -12 -12 -12 -11 -12 -11 -12 -12 -12 -11 -11 -11 -12 -12 -11 -12 -12 -11 -11 -11 -12 -11 -12 -11 -12 
-11 -11 -11 -11 -11 -11 -11 -11 -11 -11 -11 -11 -11 -11 -11 -11 -11 -11 -11 -11 -11 -11 -11 -11 -11 -11 -11 -11 -11 -11 -12 -11 -11 -11 -11 -11 -11 -11 -11 -11 -11 -11 -11 -12 -11 -12 -11 -11 -11 -11 -11 -11 -11 -11 -11 -11 -11 -11 -11 -11 -11 -11 -12 -11 -11 -11 -11 -11 -11 -11 -11 -11 -11 -11 -11 -11 -11 -11 -11 -11 -11 -11 -11 -11 -11 -11 -11 -11 -11 -11 -11 -11 -11 -11 -11 
-11 -11 -11 -11 -10 -11 -10 -11 -11 -11 -11 -11 -11 -11 -11 -11 -11 -11 -11 -11 -11 -11 -11 -11 -11 -11 -11 -11 -11 -11 -11 -11 -11 -11 -11 -11 -11 -11 -10 -11 -11 -11 -11 -11 -11 -11 -11 -11 -11 -10 -11 -10 -11 -11 -11 -11 -11 -11 -11 -10 -11 -11 -11 -11 -11 -11 -11 -11 -11 -11 -11 -11 -11 -11 -11 -11 -11 -11 -11 -11 -11 -11 -11 -11 -11 -11 -11 -11 -11 -11 -11 -11 -11 -11 -11 
-11 -11 -11 -11 -10 -11 -10 -11 -11 -11 -11 -11 -11 -11 -10 -11 -11 -11 -11 -11 -11 -10 -11 -11 -11 -11 -11 -11 -11 -11 -11 -11 -11 -11 -11 -11 -11 -11 -10 -11 -11 -11 -11 -11 -11 -11 -11 -11 -10 -10 -11 -10 -11 -11 -11 -11 -10 -11 -11 -10 -11 -11 -11 -11 -11 -11 -11 -11 -11 -11 -11 -11 -11 -11 -11 -11 -11 -11 -11 -10 -11 -10 -11 -11 -10 -11 -11 -11 -11 -11 -11 -11 -11 -11 -11 
-11 -11 -11 -11 -11 -11 -11 -11 -11 -11 -11 -11 -11 -11 -11 -11 -11 -11 -11 -11 -11 -11 -11 -11 -11 -11 -11 -11 -11 -11 -12 -11 -11 -11 -11 -11 -11 -11 -11 -11 -11 -11 -11 -12 -11 -12 -11 -11 -11 -11 -11 -11 -11 -11 -11 -11 -11 -11 -11 -11 -11 -11 -12 -11 -11 -11 -11 -11 -11 -11 -11 -11 -11 -11 -11 -11 -11 -11 -11 -11 -11 -11 -11 -11 -11 -11 -11 -11 -11 -11 -11 -11 -11 -11 -11 
-11 -10 -11 -11 -10 -11 -10 -11 -11 -11 -10 -11 -11 -11 -10 -10 -11 -11 -11 -10 -11 -10 -11 -11 -11 -11 -11 -11 -11 -10 -11 -11 -11 -11 -11 -11 -11 -11 -10 -11 -11 -11 -11 -11 -11 -11 -10 -11 -10 -10 -11 -10 -11 -11 -11 -11 -10 -11 -11 -10 -11 -10 -11 -11 -11 -11 -11 -11 -11 -11 -11 -11 -11 -11 -11 -11 -11 -11 -11 -10 -11 -10 -11 -11 -10 -11 -11 -11 -11 -11 -11 -11 -11 -11 -11 
-11 -11 -12 -12 -11 -12 -11 -11 -11 -12 -11 -12 -12 -12 -11 -11 -12 -11 -11 -11 -11 -11 -12 -11 -12 -12 -12 -11 -12 -11 -12 -12 -12 -11 -11 -11 -11 -11 -11 -12 -12 -11 -11 -12 -12 -12 -11 -12 -11 -11 -12 -11 -11 -11 -12 -11 -11 -12 -11 -11 -12 -11 -12 -12 -12 -12 -12 -12 -12 -12 -12 -12 -12 -11 -12 -11 -12 -12 -12 -11 -11 -11 -12 -12 -11 -12 -12 -11 -11 -11 -12 -11 -12 -11 -12 
-11 -11 -11 -11 -11 -11 -11 -11 -11 -11 -11 -11 -11 -11 -11 -11 -11 -11 -11 -11 -11 -11 -11 -11 -12 -11 -11 -11 -11 -11 -12 -11 -11 -11 -11 -11 -11 -11 -11 -11 -11 -11 -11 -12 -11 -12 -11 -11 -11 -11 -11 -11 -11 -11 -11 -11 -11 -11 -11 -11 -11 -11 -12 -11 -11 -11 -11 -12 -11 -12 -11 -11 -11 -11 -11 -11 -11 -12 -11 -11 -11 -11 -12 -11 -11 -11 -11 -11 -11 -11 -11 -11 -11 -11 -12 
-11 -11 -12 -12 -11 -12 -11 -11 -12 -12 -11 -12 -12 -12 -11 -11 -12 -11 -11 -11 -11 -11 -12 -12 -12 -12 -12 -11 -12 -11 -12 -12 -12 -11 -11 -11 -11 -11 -11 -12 -12 -11 -12 -12 -12 -12 -11 -12 -11 -11 -12 -11 -11 -11 -12 -11 -11 -12 -11 -11 -12 -11 -12 -12 -12 -12 -12 -12 -12 -12 -12 -12 -12 -11 -12 -11 -12 -12 -12 -11 -11 -11 -12 -12 -11 -12 -12 -11 -11 -12 -12 -11 -12 -11 -12 
-11 -11 -11 -11 -11 -12 -11 -11 -11 -11 -11 -11 -11 -12 -11 -11 -12 -11 -11 -11 -11 -11 -12 -11 -12 -11 -11 -11 -12 -11 -12 -12 -12 -11 -11 -11 -11 -11 -11 -11 -11 -11 -11 -12 -11 -12 -11 -11 -11 -11 -11 -11 -11 -11 -11 -11 -11 -11 -11 -11 -11 -11 -12 -11 -11 -11 -11 -12 -12 -12 -12 -11 -11 -11 -11 -11 -12 -12 -12 -11 -11 -11 -12 -12 -11 -11 -11 -11 -11 -11 -12 -11 -11 -11 -12 
-11 -11 -12 -12 -11 -12 -11 -11 -11 -12 -11 -11 -11 -12 -11 -11 -12 -11 -11 -11 -11 -11 -12 -11 -12 -11 -11 -11 -12 -11 -12 -12 -12 -11 -11 -11 -11 -11 -11 -11 -11 -11 -11 -12 -11 -12 -11 -11 -11 -11 -11 -11 -11 -11 -12 -11 -11 -12 -11 -11 -12 -11 -12 -11 -11 -11 -12 -12 -12 -12 -12 -11 -11 -11 -12 -11 -12 -12 -12 -11 -11 -11 -12 -12 -11 -12 -11 -11 -11 -11 -12 -11 -12 -11 -12 
-11 -11 -11 -11 -11 -11 -10 -11 -11 -11 -11 -11 -11 -11 -11 -11 -11 -11 -11 -11 -11 -11 -11 -11 -11 -11 -11 -11 -11 -11 -11 -11 -11 -11 -11 -11 -11 -11 -11 -11 -11 -11 -11 -11 -11 -11 -11 -11 -11 -11 -11 -11 -11 -11 -11 -11 -11 -11 -11 -10 -11 -11 -11 -11 -11 -11 -11 -11 -11 -11 -11 -11 -11 -11 -11 -11 -11 -11 -11 -11 -11 -11 -11 -11 -11 -11 -11 -11 -11 -11 -11 -11 -11 -11 -11 
-11 -11 -12 -12 -11 -12 -11 -11 -11 -12 -11 -12 -12 -12 -11 -11 -12 -11 -11 -11 -11 -11 -12 -11 -12 -12 -12 -11 -12 -11 -12 -12 -12 -11 -11 -11 -11 -11 -11 -11 -12 -11 -11 -12 -12 -12 -11 -11 -11 -11 -12 -11 -11 -11 -12 -11 -11 -12 -11 -11 -12 -11 -12 -12 -12 -12 -12 -12 -12 -12 -12 -11 -12 -11 -12 -11 -12 -12 -12 -11 -11 -11 -12 -12 -11 -12 -12 -11 -11 -11 -12 -11 -12 -11 -12 
-11 -10 -11 -11 -10 -11 -10 -11 -11 -11 -11 -11 -11 -11 -10 -10 -11 -11 -11 -11 -11 -10 -11 -11 -11 -11 -11 -11 -11 -10 -11 -11 -11 -11 -11 -11 -11 -11 -10 -11 -11 -11 -11 -11 -11 -11 -10 -11 -10 -10 -11 -10 -11 -11 -11 -11 -10 -11 -11 -10 -11 -10 -11 -11 -11 -11 -11 -11 -11 -11 -11 -11 -11 -11 -11 -11 -11 -11 -11 -10 -11 -10 -11 -11 -10 -11 -11 -11 -11 -11 -11 -11 -11 -11 -11 
-11 -11 -12 -12 -11 -12 -11 -12 -12 -12 -11 -12 -12 -12 -11 -11 -12 -12 -11 -11 -12 -11 -12 -12 -12 -12 -12 -11 -12 -11 -12 -12 -12 -11 -12 -11 -11 -11 -11 -12 -12 -12 -12 -12 -12 -12 -11 -12 -11 -11 -12 -11 -11 -12 -12 -12 -11 -12 -12 -11 -12 -11 -12 -12 -12 -12 -12 -12 -12 -12 -12 -12 -12 -11 -12 -11 -12 -12 -12 -11 -11 -11 -12 -12 -11 -12 -12 -11 -11 -12 -12 -11 -12 -11 -12 
-11 -11 -12 -12 -11 -12 -11 -11 -11 -12 -11 -12 -12 -12 -11 -11 -12 -11 -11 -11 -11 -11 -12 -11 -12 -12 -12 -11 -12 -11 -12 -12 -12 -11 -11 -11 -11 -11 -11 -11 -12 -11 -11 -12 -12 -12 -11 -11 -11 -11 -12 -11 -11 -11 -12 -11 -11 -12 -11 -11 -12 -11 -12 -12 -12 -12 -12 -12 -12 -12 -12 -12 -12 -11 -12 -11 -12 -12 -12 -11 -11 -11 -12 -12 -11 -12 -12 -11 -11 -11 -12 -11 -12 -11 -12 
-11 -11 -12 -12 -11 -12 -11 -11 -11 -12 -11 -12 -12 -12 -11 -11 -12 -11 -11 -11 -11 -11 -12 -11 -12 -12 -12 -11 -12 -11 -12 -12 -12 -11 -11 -11 -11 -11 -11 -11 -12 -11 -11 -12 -12 -12 -11 -12 -11 -11 -12 -11 -11 -11 -12 -11 -11 -12 -11 -11 -12 -11 -12 -12 -12 -12 -12 -12 -12 -12 -12 -12 -12 -11 -12 -11 -12 -12 -12 -11 -11 -11 -12 -12 -11 -12 -12 -11 -11 -11 -12 -11 -12 -11 -12 
-11 -11 -11 -11 -11 -11 -10 -11 -11 -11 -11 -11 -11 -11 -11 -11 -11 -11 -11 -11 -11 -11 -11 -11 -11 -11 -11 -11 -11 -11 -11 -11 -11 -11 -11 -11 -11 -11 -11 -11 -11 -11 -11 -11 -11 -11 -11 -11 -11 -11 -11 -11 -11 -11 -11 -11 -11 -11 -11 -11 -11 -11 -11 -11 -11 -11 -11 -11 -11 -11 -11 -11 -11 -11 -11 -11 -11 -11 -11 -11 -11 -11 -11 -11 -11 -11 -11 -11 -11 -11 -11 -11 -11 -11 -11 
-11 -11 -11 -11 -11 -11 -11 -11 -11 -11 -11 -11 -11 -11 -11 -11 -11 -11 -11 -11 -11 -11 -11 -11 -11 -11 -11 -11 -11 -11 -12 -11 -11 -11 -11 -11 -11 -11 -11 -11 -11 -11 -11 -12 -11 -12 -11 -11 -11 -11 -11 -11 -11 -11 -11 -11 -11 -11 -11 -11 -11 -11 -12 -11 -11 -11 -11 -12 -11 -12 -11 -11 -11 -11 -11 -11 -11 -12 -11 -11 -11 -11 -11 -11 -11 -11 -11 -11 -11 -11 -11 -11 -11 -11 -11 
-11 -11 -11 -11 -11 -11 -11 -11 -11 -11 -11 -11 -11 -11 -11 -11 -11 -11 -11 -11 -11 -11 -11 -11 -11 -11 -11 -11 -11 -11 -11 -11 -11 -11 -11 -11 -11 -11 -11 -11 -11 -11 -11 -11 -11 -11 -11 -11 -11 -11 -11 -11 -11 -11 -11 -11 -11 -11 -11 -11 -11 -11 -11 -11 -11 -11 -11 -11 -11 -11 -11 -11 -11 -11 -11 -11 -11 -11 -11 -11 -11 -11 -11 -11 -11 -11 -11 -11 -11 -11 -11 -11 -11 -11 -11 
-11 -11 -11 -11 -10 -11 -10 -11 -11 -11 -11 -11 -11 -11 -10 -11 -11 -11 -11 -11 -11 -11 -11 -11 -11 -11 -11 -11 -11 -11 -11 -11 -11 -11 -11 -11 -11 -11 -10 -11 -11 -11 -11 -11 -11 -11 -11 -11 -11 -10 -11 -10 -11 -11 -11 -11 -11 -11 -11 -10 -11 -11 -11 -11 -11 -11 -11 -11 -11 -11 -11 -11 -11 -11 -11 -11 -11 -11 -11 -11 -11 -11 -11 -11 -11 -11 -11 -11 -11 -11 -11 -11 -11 -11 -11 
-11 -11 -11 -11 -11 -11 -11 -11 -11 -11 -11 -11 -11 -11 -11 -11 -11 -11 -11 -11 -11 -11 -11 -11 -11 -11 -11 -11 -11 -11 -11 -11 -11 -11 -11 -11 -11 -11 -11 -11 -11 -11 -11 -11 -11 -12 -11 -11 -11 -11 -11 -11 -11 -11 -11 -11 -11 -11 -11 -11 -11 -11 -12 -11 -11 -11 -11 -11 -11 -11 -11 -11 -11 -11 -11 -11 -11 -11 -11 -11 -11 -11 -11 -11 -11 -11 -11 -11 -11 -11 -11 -11 -11 -11 -11 
-11 -10 -11 -11 -10 -11 -10 -11 -11 -11 -10 -11 -11 -11 -10 -10 -11 -11 -10 -10 -11 -10 -11 -11 -11 -11 -11 -11 -11 -10 -11 -11 -11 -11 -11 -11 -10 -11 -10 -11 -11 -11 -11 -11 -11 -11 -10 -11 -10 -10 -11 -10 -11 -11 -11 -11 -10 -11 -11 -10 -11 -10 -11 -11 -11 -11 -11 -11 -11 -11 -11 -11 -11 -11 -11 -11 -11 -11 -11 -10 -10 -10 -11 -11 -10 -11 -11 -10 -11 -11 -11 -10 -11 -10 -11 
-11 -11 -11 -11 -11 -12 -11 -11 -11 -11 -11 -11 -11 -12 -11 -11 -12 -11 -11 -11 -11 -11 -12 -11 -12 -11 -11 -11 -11 -11 -12 -11 -11 -11 -11 -11 -11 -11 -11 -11 -11 -11 -11 -12 -11 -12 -11 -11 -11 -11 -11 -11 -11 -11 -11 -11 -11 -11 -11 -11 -11 -11 -12 -11 -11 -11 -11 -12 -11 -12 -11 -11 -11 -11 -11 -11 -11 -12 -11 -11 -11 -11 -12 -11 -11 -11 -11 -11 -11 -11 -11 -11 -11 -11 -12 
-11 -11 -11 -11 -11 -12 -11 -11 -11 -11 -11 -11 -11 -12 -11 -11 -12 -11 -11 -11 -11 -11 -12 -11 -12 -11 -11 -11 -12 -11 -12 -12 -12 -11 -11 -11 -11 -11 -11 -11 -11 -11 -11 -12 -11 -12 -11 -11 -11 -11 -11 -11 -11 -11 -11 -11 -11 -11 -11 -11 -11 -11 -12 -11 -11 -11 -11 -12 -12 -12 -12 -11 -11 -11 -11 -11 -12 -12 -12 -11 -11 -11 -12 -12 -11 -11 -11 -11 -11 -11 -12 -11 -11 -11 -12 
-11 -11 -11 -11 -11 -11 -11 -11 -11 -11 -11 -11 -11 -11 -11 -11 -11 -11 -11 -11 -11 -11 -11 -11 -11 -11 -11 -11 -11 -11 -12 -11 -11 -11 -11 -11 -11 -11 -11 -11 -11 -11 -11 -12 -11 -12 -11 -11 -11 -11 -11 -11 -11 -11 -11 -11 -11 -11 -11 -11 -11 -11 -12 -11 -11 -11 -11 -12 -11 -12 -11 -11 -11 -11 -11 -11 -11 -12 -11 -11 -11 -11 -11 -11 -11 -11 -11 -11 -11 -11 -11 -11 -11 -11 -11 
-11 -11 -11 -11 -11 -11 -11 -11 -11 -11 -11 -11 -11 -11 -11 -11 -11 -11 -11 -11 -11 -11 -11 -11 -12 -11 -11 -11 -11 -11 -12 -11 -11 -11 -11 -11 -11 -11 -11 -11 -11 -11 -11 -12 -11 -12 -11 -11 -11 -11 -11 -11 -11 -11 -11 -11 -11 -11 -11 -11 -11 -11 -12 -11 -11 -11 -11 -12 -11 -12 -11 -11 -11 -11 -11 -11 -11 -12 -11 -11 -11 -11 -12 -11 -11 -11 -11 -11 -11 -11 -11 -11 -11 -11 -12 
-11 -11 -12 -12 -11 -12 -11 -12 -12 -12 -11 -12 -12 -12 -11 -11 -12 -12 -11 -11 -12 -11 -12 -12 -12 -12 -12 -11 -12 -11 -12 -12 -12 -11 -12 -11 -11 -11 -11 -12 -12 -12 -12 -12 -12 -12 -11 -12 -11 -11 -12 -11 -11 -12 -12 -12 -11 -12 -12 -11 -12 -11 -12 -12 -12 -12 -12 -12 -12 -12 -12 -12 -12 -11 -12 -11 -12 -12 -12 -11 -11 -11 -12 -12 -11 -12 -12 -11 -11 -12 -12 -11 -12 -11 -12 
-11 -11 -11 -11 -11 -12 -11 -11 -11 -11 -11 -11 -11 -12 -11 -11 -12 -11 -11 -11 -11 -11 -12 -11 -12 -11 -11 -11 -12 -11 -12 -12 -12 -11 -11 -11 -11 -11 -11 -11 -11 -11 -11 -12 -11 -12 -11 -11 -11 -11 -11 -11 -11 -11 -11 -11 -11 -11 -11 -11 -11 -11 -12 -11 -11 -11 -11 -12 -12 -12 -12 -11 -11 -11 -11 -11 -12 -12 -12 -11 -11 -11 -12 -12 -11 -11 -11 -11 -11 -11 -12 -11 -11 -11 -12 
-11 -11 -12 -12 -11 -12 -11 -12 -12 -12 -11 -12 -12 -12 -11 -11 -12 -12 -11 -11 -12 -11 -12 -12 -12 -12 -12 -11 -12 -11 -12 -12 -12 -11 -12 -11 -11 -12 -11 -12 -12 -12 -12 -12 -12 -12 -11 -12 -11 -11 -12 -11 -11 -12 -12 -12 -11 -12 -12 -11 -12 -11 -12 -12 -12 -12 -12 -12 -12 -12 -12 -12 -12 -11 -12 -11 -12 -12 -12 -11 -11 -11 -12 -12 -11 -12 -12 -11 -11 -12 -12 -11 -12 -11 -12 
-11 -11 -11 -11 -10 -11 -10 -11 -11 -11 -11 -11 -11 -11 -10 -11 -11 -11 -11 -11 -11 -10 -11 -11 -11 -11 -11 -11 -11 -10 -11 -11 -11 -11 -11 -11 -11 -11 -10 -11 -11 -11 -11 -11 -11 -11 -11 -11 -10 -10 -11 -10 -11 -11 -11 -11 -10 -11 -11 -10 -11 -11 -11 -11 -11 -11 -11 -11 -11 -11 -11 -11 -11 -11 -11 -11 -11 -11 -11 -10 -11 -10 -11 -11 -10 -11 -11 -11 -11 -11 -11 -11 -11 -11 -11 
-11 -11 -11 -11 -11 -12 -11 -11 -11 -11 -11 -11 -11 -12 -11 -11 -12 -11 -11 -11 -11 -11 -12 -11 -12 -11 -11 -11 -11 -11 -12 -11 -12 -11 -11 -11 -11 -11 -11 -11 -11 -11 -11 -12 -11 -12 -11 -11 -11 -11 -11 -11 -11 -11 -11 -11 -11 -11 -11 -11 -11 -11 -12 -11 -11 -11 -11 -12 -12 -12 -11 -11 -11 -11 -11 -11 -11 -12 -11 -11 -11 -11 -12 -12 -11 -11 -11 -11 -11 -11 -11 -11 -11 -11 -12 
-11 -10 -11 -11 -10 -11 -10 -11 -11 -11 -11 -11 -11 -11 -10 -10 -11 -11 -11 -10 -11 -10 -11 -11 -11 -11 -11 -11 -11 -10 -11 -11 -11 -11 -11 -11 -11 -11 -10 -11 -11 -11 -11 -11 -11 -11 -10 -11 -10 -10 -11 -10 -11 -11 -11 -11 -10 -11 -11 -10 -11 -10 -11 -11 -11 -11 -11 -11 -11 -11 -11 -11 -11 -11 -11 -11 -11 -11 -11 -10 -11 -10 -11 -11 -10 -11 -11 -11 -11 -11 -11 -11 -11 -11 -11 
-11 -10 -11 -11 -10 -11 -10 -11 -11 -11 -10 -11 -11 -11 -10 -10 -11 -11 -10 -10 -11 -10 -11 -11 -11 -11 -11 -11 -11 -10 -11 -11 -11 -11 -11 -11 -10 -11 -10 -11 -11 -11 -11 -11 -11 -11 -10 -11 -10 -10 -11 -10 -11 -11 -11 -11 -10 -11 -11 -10 -11 -10 -11 -11 -11 -11 -11 -11 -11 -11 -11 -11 -11 -11 -11 -11 -11 -11 -11 -10 -10 -10 -11 -11 -10 -11 -11 -10 -11 -11 -11 -10 -11 -10 -11 
-11 -11 -11 -11 -11 -12 -11 -11 -11 -11 -11 -11 -11 -12 -11 -11 -12 -11 -11 -11 -11 -11 -12 -11 -12 -11 -11 -11 -12 -11 -12 -12 -12 -11 -11 -11 -11 -11 -11 -11 -11 -11 -11 -12 -11 -12 -11 -11 -11 -11 -11 -11 -11 -11 -11 -11 -11 -11 -11 -11 -11 -11 -12 -11 -11 -11 -11 -12 -12 -12 -12 -11 -11 -11 -11 -11 -12 -12 -12 -11 -11 -11 -12 -12 -11 -11 -11 -11 -11 -11 -12 -11 -11 -11 -12 
-11 -10 -11 -11 -10 -11 -10 -11 -11 -11 -10 -11 -11 -11 -10 -10 -11 -11 -10 -10 -11 -10 -11 -11 -11 -11 -11 -11 -11 -10 -11 -11 -11 -11 -11 -11 -10 -11 -10 -11 -11 -11 -11 -11 -11 -11 -10 -11 -10 -10 -11 -10 -11 -11 -11 -11 -10 -11 -11 -10 -11 -10 -11 -11 -11 -11 -11 -11 -11 -11 -11 -11 -11 -11 -11 -11 -11 -11 -11 -10 -10 -10 -11 -11 -10 -11 -11 -10 -11 -11 -11 -10 -11 -10 -11 
-11 -11 -11 -11 -11 -11 -11 -11 -11 -11 -11 -11 -11 -11 -11 -11 -11 -11 -11 -11 -11 -11 -11 -11 -11 -11 -11 -11 -11 -11 -11 -11 -11 -11 -11 -11 -11 -11 -11 -11 -11 -11 -11 -11 -11 -11 -11 -11 -11 -11 -11 -11 -11 -11 -11 -11 -11 -11 -11 -11 -11 -11 -11 -11 -11 -11 -11 -11 -11 -11 -11 -11 -11 -11 -11 -11 -11 -11 -11 -11 -11 -11 -11 -11 -11 -11 -11 -11 -11 -11 -11 -11 -11 -11 -11 
-11 -11 -11 -11 -11 -11 -11 -11 -11 -11 -11 -11 -11 -11 -11 -11 -11 -11 -11 -11 -11 -11 -11 -11 -11 -11 -11 -11 -11 -11 -12 -11 -11 -11 -11 -11 -11 -11 -11 -11 -11 -11 -11 -12 -11 -12 -11 -11 -11 -11 -11 -11 -11 -11 -11 -11 -11 -11 -11 -11 -11 -11 -12 -11 -11 -11 -11 -11 -11 -11 -11 -11 -11 -11 -11 -11 -11 -11 -11 -11 -11 -11 -11 -11 -11 -11 -11 -11 -11 -11 -11 -11 -11 -11 -11 
-11 -11 -12 -12 -11 -12 -11 -11 -11 -12 -11 -11 -11 -12 -11 -11 -12 -11 -11 -11 -11 -11 -12 -11 -12 -11 -12 -11 -12 -11 -12 -12 -12 -11 -11 -11 -11 -11 -11 -11 -11 -11 -11 -12 -11 -12 -11 -11 -11 -11 -11 -11 -11 -11 -12 -11 -11 -12 -11 -11 -12 -11 -12 -11 -12 -11 -12 -12 -12 -12 -12 -11 -11 -11 -12 -11 -12 -12 -12 -11 -11 -11 -12 -12 -11 -12 -11 -11 -11 -11 -12 -11 -12 -11 -12 
-11 -11 -11 -11 -11 -11 -11 -11 -11 -11 -11 -11 -11 -11 -11 -11 -11 -11 -11 -11 -11 -11 -11 -11 -11 -11 -11 -11 -11 -11 -12 -11 -11 -11 -11 -11 -11 -11 -11 -11 -11 -11 -11 -12 -11 -12 -11 -11 -11 -11 -11 -11 -11 -11 -11 -11 -11 -11 -11 -11 -11 -11 -12 -11 -11 -11 -11 -12 -11 -12 -11 -11 -11 -11 -11 -11 -11 -12 -11 -11 -11 -11 -12 -11 -11 -11 -11 -11 -11 -11 -11 -11 -11 -11 -12 
-11 -10 -11 -11 -10 -11 -10 -11 -11 -11 -11 -11 -11 -11 -10 -10 -11 -11 -11 -10 -11 -10 -11 -11 -11 -11 -11 -11 -11 -10 -11 -11 -11 -11 -11 -11 -11 -11 -10 -11 -11 -11 -11 -11 -11 -11 -10 -11 -10 -10 -11 -10 -11 -11 -11 -11 -10 -11 -11 -10 -11 -10 -11 -11 -11 -11 -11 -11 -11 -11 -11 -11 -11 -11 -11 -11 -11 -11 -11 -10 -11 -10 -11 -11 -10 -11 -11 -11 -11 -11 -11 -11 -11 -11 -11 
-11 -11 -12 -12 -11 -12 -11 -11 -11 -12 -11 -11 -11 -12 -11 -11 -12 -11 -11 -11 -11 -11 -12 -11 -12 -11 -12 -11 -12 -11 -12 -12 -12 -11 -11 -11 -11 -11 -11 -11 -11 -11 -11 -12 -11 -12 -11 -11 -11 -11 -11 -11 -11 -11 -12 -11 -11 -12 -11 -11 -12 -11 -12 -12 -12 -11 -12 -12 -12 -12 -12 -11 -11 -11 -12 -11 -12 -12 -12 -11 -11 -11 -12 -12 -11 -12 -12 -11 -11 -11 -12 -11 -12 -11 -12 
-11 -11 -11 -11 -11 -11 -11 -11 -11 -11 -11 -11 -11 -11 -11 -11 -11 -11 -11 -11 -11 -11 -11 -11 -11 -11 -11 -11 -11 -11 -12 -11 -11 -11 -11 -11 -11 -11 -11 -11 -11 -11 -11 -12 -11 -12 -11 -11 -11 -11 -11 -11 -11 -11 -11 -11 -11 -11 -11 -11 -11 -11 -12 -11 -11 -11 -11 -12 -11 -12 -11 -11 -11 -11 -11 -11 -11 -12 -11 -11 -11 -11 -12 -11 -11 -11 -11 -11 -11 -11 -11 -11 -11 -11 -11 
-11 -10 -11 -11 -10 -11 -10 -11 -11 -11 -10 -11 -11 -11 -10 -10 -11 -11 -10 -10 -11 -10 -11 -11 -11 -11 -11 -10 -11 -10 -11 -11 -11 -11 -11 -11 -10 -11 -10 -11 -11 -11 -11 -11 -11 -11 -10 -11 -10 -10 -11 -10 -11 -11 -11 -11 -10 -11 -11 -10 -11 -10 -11 -11 -11 -11 -11 -11 -11 -11 -11 -11 -11 -11 -11 -10 -11 -11 -11 -10 -10 -10 -11 -11 -10 -11 -11 -10 -11 -11 -11 -10 -11 -10 -11 
-11 -11 -12 -12 -11 -12 -11 -11 -11 -12 -11 -11 -11 -12 -11 -11 -12 -11 -11 -11 -11 -11 -12 -11 -12 -11 -12 -11 -12 -11 -12 -12 -12 -11 -11 -11 -11 -11 -11 -11 -11 -11 -11 -12 -11 -12 -11 -11 -11 -11 -11 -11 -11 -11 -12 -11 -11 -12 -11 -11 -12 -11 -12 -12 -12 -12 -12 -12 -12 -12 -12 -11 -11 -11 -12 -11 -12 -12 -12 -11 -11 -11 -12 -12 -11 -12 -12 -11 -11 -11 -12 -11 -12 -11 -12 
-11 -11 -11 -11 -10 -11 -10 -11 -11 -11 -11 -11 -11 -11 -10 -10 -11 -11 -11 -11 -11 -10 -11 -11 -11 -11 -11 -11 -11 -10 -11 -11 -11 -11 -11 -11 -11 -11 -10 -11 -11 -11 -11 -11 -11 -11 -11 -11 -10 -10 -11 -10 -11 -11 -11 -11 -10 -11 -11 -10 -11 -10 -11 -11 -11 -11 -11 -11 -11 -11 -11 -11 -11 -11 -11 -11 -11 -11 -11 -10 -11 -10 -11 -11 -10 -11 -11 -11 -11 -11 -11 -11 -11 -11 -11 
-11 -11 -12 -12 -11 -12 -11 -12 -12 -12 -11 -12 -12 -12 -11 -11 -12 -12 -11 -11 -12 -11 -12 -12 -12 -12 -12 -11 -12 -11 -12 -12 -12 -11 -12 -11 -11 -12 -11 -12 -12 -12 -12 -12 -12 -12 -11 -12 -11 -11 -12 -11 -11 -12 -12 -12 -11 -12 -12 -11 -12 -11 -12 -12 -12 -12 -12 -12 -12 -12 -12 -12 -12 -11 -12 -11 -12 -12 -12 -11 -11 -11 -12 -12 -11 -12 -12 -11 -11 -12 -12 -11 -12 -11 -12 
-11 -11 -12 -12 -11 -12 -11 -11 -11 -11 -11 -11 -11 -12 -11 -11 -12 -11 -11 -11 -11 -11 -12 -11 -12 -11 -11 -11 -12 -11 -12 -12 -12 -11 -11 -11 -11 -11 -11 -11 -11 -11 -11 -12 -11 -12 -11 -11 -11 -11 -11 -11 -11 -11 -11 -11 -11 -12 -11 -11 -12 -11 -12 -11 -11 -11 -12 -12 -12 -12 -12 -11 -11 -11 -12 -11 -12 -12 -12 -11 -11 -11 -12 -12 -11 -12 -11 -11 -11 -11 -12 -11 -12 -11 -12 
-11 -11 -12 -12 -11 -12 -11 -11 -11 -12 -11 -11 -11 -12 -11 -11 -12 -11 -11 -11 -11 -11 -12 -11 -12 -11 -11 -11 -12 -11 -12 -12 -12 -11 -11 -11 -11 -11 -11 -11 -11 -11 -11 -12 -11 -12 -11 -11 -11 -11 -11 -11 -11 -11 -12 -11 -11 -12 -11 -11 -12 -11 -12 -11 -11 -11 -12 -12 -12 -12 -12 -11 -11 -11 -12 -11 -12 -12 -12 -11 -11 -11 -12 -12 -11 -12 -11 -11 -11 -11 -12 -11 -12 -11 -12 
-11 -11 -12 -12 -11 -12 -11 -11 -11 -11 -11 -11 -11 -12 -11 -11 -12 -11 -11 -11 -11 -11 -12 -11 -12 -11 -11 -11 -12 -11 -12 -12 -12 -11 -11 -11 -11 -11 -11 -11 -11 -11 -11 -12 -11 -12 -11 -11 -11 -11 -11 -11 -11 -11 -11 -11 -11 -11 -11 -11 -12 -11 -12 -11 -11 -11 -12 -12 -12 -12 -12 -11 -11 -11 -12 -11 -12 -12 -12 -11 -11 -11 -12 -12 -11 -12 -11 -11 -11 -11 -12 -11 -12 -11 -12 
-11 -11 -12 -12 -11 -12 -11 -11 -11 -12 -11 -11 -11 -12 -11 -11 -12 -11 -11 -11 -11 -11 -12 -11 -12 -11 -12 -11 -12 -11 -12 -12 -12 -11 -11 -11 -11 -11 -11 -11 -11 -11 -11 -12 -11 -12 -11 -11 -11 -11 -11 -11 -11 -11 -12 -11 -11 -12 -11 -11 -12 -11 -12 -12 -12 -12 -12 -12 -12 -12 -12 -11 -11 -11 -12 -11 -12 -12 -12 -11 -11 -11 -12 -12 -11 -12 -12 -11 -11 -11 -12 -11 -12 -11 -12 
-11 -11 -12 -12 -11 -12 -11 -11 -12 -12 -11 -12 -12 -12 -11 -11 -12 -11 -11 -11 -11 -11 -12 -12 -12 -12 -12 -11 -12 -11 -12 -12 -12 -11 -12 -11 -11 -11 -11 -12 -12 -12 -12 -12 -12 -12 -11 -12 -11 -11 -12 -11 -11 -11 -12 -12 -11 -12 -12 -11 -12 -11 -12 -12 -12 -12 -12 -12 -12 -12 -12 -12 -12 -11 -12 -11 -12 -12 -12 -11 -11 -11 -12 -12 -11 -12 -12 -11 -11 -12 -12 -11 -12 -11 -12 
-11 -11 -12 -12 -11 -12 -11 -11 -11 -12 -11 -12 -12 -12 -11 -11 -12 -11 -11 -11 -11 -11 -12 -11 -12 -12 -12 -11 -12 -11 -12 -12 -12 -11 -11 -11 -11 -11 -11 -11 -12 -11 -11 -12 -12 -12 -11 -12 -11 -11 -12 -11 -11 -11 -12 -11 -11 -12 -11 -11 -12 -11 -12 -12 -12 -12 -12 -12 -12 -12 -12 -12 -12 -11 -12 -11 -12 -12 -12 -11 -11 -11 -12 -12 -11 -12 -12 -11 -11 -11 -12 -11 -12 -11 -12 
-11 -11 -12 -12 -11 -12 -11 -11 -12 -12 -11 -12 -12 -12 -11 -11 -12 -11 -11 -11 -11 -11 -12 -12 -12 -12 -12 -11 -12 -11 -12 -12 -12 -11 -12 -11 -11 -11 -11 -12 -12 -12 -12 -12 -12 -12 -11 -12 -11 -11 -12 -11 -11 -11 -12 -12 -11 -12 -12 -11 -12 -11 -12 -12 -12 -12 -12 -12 -12 -12 -12 -12 -12 -11 -12 -11 -12 -12 -12 -11 -11 -11 -12 -12 -11 -12 -12 -11 -11 -12 -12 -11 -12 -11 -12 
-11 -11 -12 -12 -11 -12 -11 -11 -11 -12 -11 -12 -12 -12 -11 -11 -12 -11 -11 -11 -11 -11 -12 -11 -12 -12 -12 -11 -12 -11 -12 -12 -12 -11 -11 -11 -11 -11 -11 -11 -12 -11 -11 -12 -12 -12 -11 -11 -11 -11 -12 -11 -11 -11 -12 -11 -11 -12 -11 -11 -12 -11 -12 -12 -12 -12 -12 -12 -12 -12 -12 -12 -12 -11 -12 -11 -12 -12 -12 -11 -11 -11 -12 -12 -11 -12 -12 -11 -11 -11 -12 -11 -12 -11 -12 
-11 -11 -11 -11 -11 -12 -11 -11 -11 -11 -11 -11 -11 -12 -11 -11 -12 -11 -11 -11 -11 -11 -12 -11 -12 -11 -11 -11 -11 -11 -12 -12 -12 -11 -11 -11 -11 -11 -11 -11 -11 -11 -11 -12 -11 -12 -11 -11 -11 -11 -11 -11 -11 -11 -11 -11 -11 -11 -11 -11 -11 -11 -12 -11 -11 -11 -11 -12 -12 -12 -12 -11 -11 -11 -11 -11 -12 -12 -12 -11 -11 -11 -12 -12 -11 -11 -11 -11 -11 -11 -11 -11 -11 -11 -12 
-11 -11 -11 -11 -11 -12 -11 -11 -11 -11 -11 -11 -11 -12 -11 -11 -12 -11 -11 -11 -11 -11 -12 -11 -12 -11 -11 -11 -12 -11 -12 -12 -12 -11 -11 -11 -11 -11 -11 -11 -11 -11 -11 -12 -11 -12 -11 -11 -11 -11 -11 -11 -11 -11 -11 -11 -11 -11 -11 -11 -11 -11 -12 -11 -11 -11 -11 -12 -12 -12 -12 -11 -11 -11 -12 -11 -12 -12 -12 -11 -11 -11 -12 -12 -11 -11 -11 -11 -11 -11 -12 -11 -11 -11 -12 
-11 -11 -11 -11 -11 -11 -11 -11 -11 -11 -11 -11 -11 -11 -11 -11 -11 -11 -11 -11 -11 -11 -11 -11 -11 -11 -11 -11 -11 -11 -11 -11 -11 -11 -11 -11 -11 -11 -11 -11 -11 -11 -11 -11 -11 -11 -11 -11 -11 -11 -11 -11 -11 -11 -11 -11 -11 -11 -11 -11 -11 -11 -11 -11 -11 -11 -11 -11 -11 -11 -11 -11 -11 -11 -11 -11 -11 -11 -11 -11 -11 -11 -11 -11 -11 -11 -11 -11 -11 -11 -11 -11 -11 -11 -11 
-11 -11 -12 -12 -11 -12 -11 -11 -11 -12 -11 -11 -11 -12 -11 -11 -12 -11 -11 -11 -11 -11 -12 -11 -12 -11 -12 -11 -12 -11 -12 -12 -12 -11 -11 -11 -11 -11 -11 -11 -11 -11 -11 -12 -11 -12 -11 -11 -11 -11 -11 -11 -11 -11 -12 -11 -11 -12 -11 -11 -12 -11 -12 -12 -12 -12 -12 -12 -12 -12 -12 -11 -12 -11 -12 -11 -12 -12 -12 -11 -11 -11 -12 -12 -11 -12 -12 -11 -11 -11 -12 -11 -12 -11 -12 
-11 -11 -11 -11 -11 -11 -10 -11 -11 -11 -11 -11 -11 -11 -11 -11 -11 -11 -11 -11 -11 -11 -11 -11 -11 -11 -11 -11 -11 -11 -11 -11 -11 -11 -11 -11 -11 -11 -11 -11 -11 -11 -11 -11 -11 -11 -11 -11 -11 -11 -11 -11 -11 -11 -11 -11 -11 -11 -11 -10 -11 -11 -11 -11 -11 -11 -11 -11 -11 -11 -11 -11 -11 -11 -11 -11 -11 -11 -11 -11 -11 -11 -11 -11 -11 -11 -11 -11 -11 -11 -11 -11 -11 -11 -11 
-11 -11 -12 -12 -11 -12 -11 -11 -11 -12 -11 -12 -12 -12 -11 -11 -12 -11 -11 -11 -11 -11 -12 -11 -12 -12 -12 -11 -12 -11 -12 -12 -12 -11 -11 -11 -11 -11 -11 -11 -12 -11 -11 -12 -12 -12 -11 -11 -11 -11 -12 -11 -11 -11 -12 -11 -11 -12 -11 -11 -12 -11 -12 -12 -12 -12 -12 -12 -12 -12 -12 -12 -12 -11 -12 -11 -12 -12 -12 -11 -11 -11 -12 -12 -11 -12 -12 -11 -11 -11 -12 -11 -12 -11 -12 
-11 -11 -12 -12 -11 -12 -11 -11 -12 -12 -11 -12 -12 -12 -11 -11 -12 -11 -11 -11 -11 -11 -12 -12 -12 -12 -12 -11 -12 -11 -12 -12 -12 -11 -12 -11 -11 -11 -11 -12 -12 -12 -12 -12 -12 -12 -11 -12 -11 -11 -12 -11 -11 -11 -12 -12 -11 -12 -12 -11 -12 -11 -12 -12 -12 -12 -12 -12 -12 -12 -12 -12 -12 -11 -12 -11 -12 -12 -12 -11 -11 -11 -12 -12 -11 -12 -12 -11 -11 -12 -12 -11 -12 -11 -12 
-11 -11 -12 -12 -11 -12 -11 -11 -11 -12 -11 -12 -12 -12 -11 -11 -12 -11 -11 -11 -11 -11 -12 -11 -12 -12 -12 -11 -12 -11 -12 -12 -12 -11 -11 -11 -11 -11 -11 -11 -12 -11 -11 -12 -12 -12 -11 -11 -11 -11 -12 -11 -11 -11 -12 -11 -11 -12 -11 -11 -12 -11 -12 -12 -12 -12 -12 -12 -12 -12 -12 -12 -12 -11 -12 -11 -12 -12 -12 -11 -11 -11 -12 -12 -11 -12 -12 -11 -11 -11 -12 -11 -12 -11 -12 
-11 -10 -11 -11 -10 -11 -10 -11 -11 -11 -10 -11 -11 -11 -10 -10 -11 -11 -11 -10 -11 -10 -11 -11 -11 -11 -11 -11 -11 -10 -11 -11 -11 -11 -11 -11 -11 -11 -10 -11 -11 -11 -11 -11 -11 -11 -10 -11 -10 -10 -11 -10 -11 -11 -11 -11 -10 -11 -11 -10 -11 -10 -11 -11 -11 -11 -11 -11 -11 -11 -11 -11 -11 -11 -11 -11 -11 -11 -11 -10 -11 -10 -11 -11 -10 -11 -11 -11 -11 -11 -11 -11 -11 -11 -11 
-11 -11 -11 -11 -10 -11 -10 -11 -11 -11 -11 -11 -11 -11 -11 -11 -11 -11 -11 -11 -11 -11 -11 -11 -11 -11 -11 -11 -11 -11 -11 -11 -11 -11 -11 -11 -11 -11 -10 -11 -11 -11 -11 -11 -11 -11 -11 -11 -11 -10 -11 -10 -11 -11 -11 -11 -11 -11 -11 -10 -11 -11 -11 -11 -11 -11 -11 -11 -11 -11 -11 -11 -11 -11 -11 -11 -11 -11 -11 -11 -11 -11 -11 -11 -11 -11 -11 -11 -11 -11 -11 -11 -11 -11 -11 
-11 -10 -11 -11 -10 -11 -10 -11 -11 -11 -11 -11 -11 -11 -10 -10 -11 -11 -11 -10 -11 -10 -11 -11 -11 -11 -11 -11 -11 -10 -11 -11 -11 -11 -11 -11 -11 -11 -10 -11 -11 -11 -11 -11 -11 -11 -10 -11 -10 -10 -11 -10 -11 -11 -11 -11 -10 -11 -11 -10 -11 -10 -11 -11 -11 -11 -11 -11 -11 -11 -11 -11 -11 -11 -11 -11 -11 -11 -11 -10 -11 -10 -11 -11 -10 -11 -11 -11 -11 -11 -11 -11 -11 -11 -11 
-11 -11 -12 -12 -11 -12 -11 -11 -12 -12 -11 -12 -12 -12 -11 -11 -12 -11 -11 -11 -11 -11 -12 -12 -12 -12 -12 -11 -12 -11 -12 -12 -12 -11 -11 -11 -11 -11 -11 -12 -12 -11 -12 -12 -12 -12 -11 -12 -11 -11 -12 -11 -11 -11 -12 -12 -11 -12 -12 -11 -12 -11 -12 -12 -12 -12 -12 -12 -12 -12 -12 -12 -12 -11 -12 -11 -12 -12 -12 -11 -11 -11 -12 -12 -11 -12 -12 -11 -11 -12 -12 -11 -12 -11 -12 
-11 -11 -12 -12 -11 -12 -11 -11 -11 -12 -11 -12 -12 -12 -11 -11 -12 -11 -11 -11 -11 -11 -12 -11 -12 -12 -12 -11 -12 -11 -12 -12 -12 -11 -11 -11 -11 -11 -11 -11 -12 -11 -11 -12 -12 -12 -11 -12 -11 -11 -12 -11 -11 -11 -12 -11 -11 -12 -11 -11 -12 -11 -12 -12 -12 -12 -12 -12 -12 -12 -12 -12 -12 -11 -12 -11 -12 -12 -12 -11 -11 -11 -12 -12 -11 -12 -12 -11 -11 -11 -12 -11 -12 -11 -12 
-11 -10 -11 -11 -10 -11 -10 -11 -11 -11 -11 -11 -11 -11 -10 -10 -11 -11 -11 -10 -11 -10 -11 -11 -11 -11 -11 -11 -11 -10 -11 -11 -11 -11 -11 -11 -11 -11 -10 -11 -11 -11 -11 -11 -11 -11 -10 -11 -10 -10 -11 -10 -11 -11 -11 -11 -10 -11 -11 -10 -11 -10 -11 -11 -11 -11 -11 -11 -11 -11 -11 -11 -11 -11 -11 -11 -11 -11 -11 -10 -11 -10 -11 -11 -10 -11 -11 -11 -11 -11 -11 -11 -11 -11 -11 
-11 -11 -12 -12 -11 -12 -11 -11 -11 -12 -11 -11 -11 -12 -11 -11 -12 -11 -11 -11 -11 -11 -12 -11 -12 -11 -12 -11 -12 -11 -12 -12 -12 -11 -11 -11 -11 -11 -11 -11 -11 -11 -11 -12 -11 -12 -11 -11 -11 -11 -11 -11 -11 -11 -12 -11 -11 -12 -11 -11 -12 -11 -12 -12 -12 -12 -12 -12 -12 -12 -12 -11 -11 -11 -12 -11 -12 -12 -12 -11 -11 -11 -12 -12 -11 -12 -12 -11 -11 -11 -12 -11 -12 -11 -12 
-11 -11 -12 -12 -11 -12 -11 -11 -11 -11 -11 -11 -11 -12 -11 -11 -12 -11 -11 -11 -11 -11 -12 -11 -12 -11 -11 -11 -12 -11 -12 -12 -12 -11 -11 -11 -11 -11 -11 -11 -11 -11 -11 -12 -11 -12 -11 -11 -11 -11 -11 -11 -11 -11 -11 -11 -11 -12 -11 -11 -12 -11 -12 -11 -11 -11 -12 -12 -12 -12 -12 -11 -11 -11 -12 -11 -12 -12 -12 -11 -11 -11 -12 -12 -11 -12 -11 -11 -11 -11 -12 -11 -12 -11 -12 
-11 -11 -11 -11 -10 -11 -10 -11 -11 -11 -11 -11 -11 -11 -11 -11 -11 -11 -11 -11 -11 -11 -11 -11 -11 -11 -11 -11 -11 -11 -11 -11 -11 -11 -11 -11 -11 -11 -10 -11 -11 -11 -11 -11 -11 -11 -11 -11 -11 -10 -11 -10 -11 -11 -11 -11 -11 -11 -11 -10 -11 -11 -11 -11 -11 -11 -11 -11 -11 -11 -11 -11 -11 -11 -11 -11 -11 -11 -11 -11 -11 -11 -11 -11 -11 -11 -11 -11 -11 -11 -11 -11 -11 -11 -11 
-11 -11 -11 -11 -11 -11 -10 -11 -11 -11 -11 -11 -11 -11 -11 -11 -11 -11 -11 -11 -11 -11 -11 -11 -11 -11 -11 -11 -11 -11 -11 -11 -11 -11 -11 -11 -11 -11 -11 -11 -11 -11 -11 -11 -11 -11 -11 -11 -11 -11 -11 -11 -11 -11 -11 -11 -11 -11 -11 -11 -11 -11 -11 -11 -11 -11 -11 -11 -11 -11 -11 -11 -11 -11 -11 -11 -11 -11 -11 -11 -11 -11 -11 -11 -11 -11 -11 -11 -11 -11 -11 -11 -11 -11 -11 
-11 -11 -11 -11 -11 -11 -11 -11 -11 -11 -11 -11 -11 -11 -11 -11 -11 -11 -11 -11 -11 -11 -11 -11 -12 -11 -11 -11 -11 -11 -12 -11 -11 -11 -11 -11 -11 -11 -11 -11 -11 -11 -11 -12 -11 -12 -11 -11 -11 -11 -11 -11 -11 -11 -11 -11 -11 -11 -11 -11 -11 -11 -12 -11 -11 -11 -11 -12 -11 -12 -11 -11 -11 -11 -11 -11 -11 -12 -11 -11 -11 -11 -12 -11 -11 -11 -11 -11 -11 -11 -11 -11 -11 -11 -12 
-11 -11 -12 -12 -11 -12 -11 -11 -11 -12 -11 -12 -12 -12 -11 -11 -12 -11 -11 -11 -11 -11 -12 -11 -12 -12 -12 -11 -12 -11 -12 -12 -12 -11 -11 -11 -11 -11 -11 -11 -12 -11 -11 -12 -12 -12 -11 -11 -11 -11 -12 -11 -11 -11 -12 -11 -11 -12 -11 -11 -12 -11 -12 -12 -12 -12 -12 -12 -12 -12 -12 -11 -12 -11 -12 -11 -12 -12 -12 -11 -11 -11 -12 -12 -11 -12 -12 -11 -11 -11 -12 -11 -12 -11 -12 
-11 -11 -11 -11 -10 -11 -10 -11 -11 -11 -11 -11 -11 -11 -10 -11 -11 -11 -11 -11 -11 -11 -11 -11 -11 -11 -11 -11 -11 -11 -11 -11 -11 -11 -11 -11 -11 -11 -10 -11 -11 -11 -11 -11 -11 -11 -11 -11 -11 -10 -11 -10 -11 -11 -11 -11 -11 -11 -11 -10 -11 -11 -11 -11 -11 -11 -11 -11 -11 -11 -11 -11 -11 -11 -11 -11 -11 -11 -11 -11 -11 -11 -11 -11 -11 -11 -11 -11 -11 -11 -11 -11 -11 -11 -11 
-11 -11 -12 -12 -11 -12 -11 -11 -11 -12 -11 -11 -11 -12 -11 -11 -12 -11 -11 -11 -11 -11 -12 -11 -12 -11 -12 -11 -12 -11 -12 -12 -12 -11 -11 -11 -11 -11 -11 -11 -11 -11 -11 -12 -11 -12 -11 -11 -11 -11 -11 -11 -11 -11 -12 -11 -11 -12 -11 -11 -12 -11 -12 -12 -12 -12 -12 -12 -12 -12 -12 -11 -11 -11 -12 -11 -12 -12 -12 -11 -11 -11 -12 -12 -11 -12 -12 -11 -11 -11 -12 -11 -12 -11 -12 
-11 -11 -11 -11 -10 -11 -10 -11 -11 -11 -11 -11 -11 -11 -11 -11 -11 -11 -11 -11 -11 -11 -11 -11 -11 -11 -11 -11 -11 -11 -11 -11 -11 -11 -11 -11 -11 -11 -10 -11 -11 -11 -11 -11 -11 -11 -11 -11 -11 -10 -11 -10 -11 -11 -11 -11 -11 -11 -11 -10 -11 -11 -11 -11 -11 -11 -11 -11 -11 -11 -11 -11 -11 -11 -11 -11 -11 -11 -11 -11 -11 -11 -11 -11 -11 -11 -11 -11 -11 -11 -11 -11 -11 -11 -11 
-11 -11 -12 -12 -11 -12 -11 -11 -12 -12 -11 -12 -12 -12 -11 -11 -12 -11 -11 -11 -11 -11 -12 -12 -12 -12 -12 -11 -12 -11 -12 -12 -12 -11 -11 -11 -11 -11 -11 -12 -12 -11 -12 -12 -12 -12 -11 -12 -11 -11 -12 -11 -11 -11 -12 -12 -11 -12 -11 -11 -12 -11 -12 -12 -12 -12 -12 -12 -12 -12 -12 -12 -12 -11 -12 -11 -12 -12 -12 -11 -11 -11 -12 -12 -11 -12 -12 -11 -11 -12 -12 -11 -12 -11 -12 
