./FontKingthings8.png
95
 
!
"
#
$
%
&
'
(
)
*
+
,
-
.
/
0
1
2
3
4
5
6
7
8
9
:
;
<
=
>
?
@
A
B
C
D
E
F
G
H
I
J
K
L
M
N
O
P
Q
R
S
T
U
V
W
X
Y
Z
[
\
]
^
_
`
a
b
c
d
e
f
g
h
i
j
k
l
m
n
o
p
q
r
s
t
u
v
w
x
y
z
{
|
}
~
5
7
8
11
11
10
12
6
8
8
8
10
6
10
7
8
10
8
9
9
11
9
10
9
9
10
7
7
8
10
8
10
13
13
12
11
12
11
10
12
13
8
12
12
10
14
12
12
11
12
12
11
11
12
12
15
11
11
11
8
8
9
11
11
7
10
10
9
10
9
9
10
10
8
7
10
7
13
10
10
10
10
9
9
9
11
11
13
10
10
9
8
8
7
13
-5 -2 -3 -3 -3 -2 -2 -2 -3 -3 -3 -3 -2 -3 -3 -2 -2 -3 -2 -2 -3 -3 -2 -3 -2 -2 -3 -3 -3 -3 -3 -3 -2 -3 -3 -3 -2 -3 -2 -3 -3 -2 -3 -3 -3 -3 -2 -3 -2 -3 -3 -3 -2 -2 -2 -2 -2 -3 -3 -2 -3 -3 -2 -2 -2 -2 -3 -2 -2 -2 -3 -3 -3 -3 -2 -3 -2 -3 -2 -3 -2 -3 -2 -2 -3 -3 -3 -2 -2 -2 -2 -3 -2 -2 -3 
-5 -4 -5 -5 -5 -4 -4 -4 -5 -5 -5 -5 -4 -5 -5 -4 -4 -5 -4 -4 -5 -5 -5 -5 -4 -4 -5 -5 -5 -5 -5 -5 -4 -5 -5 -5 -4 -5 -4 -5 -5 -4 -5 -5 -5 -5 -4 -5 -5 -5 -5 -5 -4 -4 -5 -4 -4 -5 -5 -4 -5 -5 -5 -4 -4 -5 -5 -4 -4 -4 -5 -5 -5 -5 -4 -5 -4 -5 -4 -5 -4 -5 -4 -4 -5 -5 -5 -5 -4 -4 -4 -5 -4 -4 -5 
-5 -5 -6 -5 -6 -5 -5 -5 -6 -5 -6 -5 -5 -5 -6 -5 -5 -6 -5 -5 -6 -6 -5 -5 -5 -5 -6 -6 -5 -6 -5 -5 -5 -6 -6 -5 -5 -5 -5 -6 -5 -5 -6 -6 -5 -5 -5 -6 -5 -5 -5 -6 -5 -5 -5 -5 -5 -6 -5 -5 -6 -6 -5 -5 -5 -5 -6 -5 -5 -5 -6 -5 -5 -6 -5 -6 -5 -5 -5 -5 -5 -5 -5 -5 -5 -6 -6 -5 -5 -5 -5 -6 -5 -5 -6 
-5 -5 -5 -5 -5 -5 -5 -5 -5 -5 -5 -5 -5 -5 -5 -5 -5 -5 -5 -5 -5 -5 -5 -5 -5 -5 -5 -5 -5 -5 -5 -5 -5 -5 -5 -5 -5 -5 -5 -5 -5 -4 -5 -5 -5 -5 -5 -5 -5 -5 -5 -5 -5 -5 -5 -5 -5 -5 -5 -5 -5 -5 -5 -5 -5 -5 -5 -5 -5 -5 -5 -5 -5 -5 -5 -5 -5 -5 -5 -5 -5 -5 -5 -5 -5 -5 -5 -5 -5 -5 -5 -5 -5 -4 -5 
-5 -5 -6 -5 -6 -5 -5 -5 -6 -5 -6 -5 -5 -5 -6 -5 -5 -6 -5 -5 -6 -6 -5 -5 -5 -5 -6 -6 -5 -5 -5 -5 -5 -6 -6 -5 -5 -5 -5 -6 -5 -5 -6 -6 -5 -5 -5 -6 -5 -5 -5 -6 -5 -5 -5 -5 -5 -6 -5 -5 -6 -6 -5 -5 -5 -5 -6 -5 -5 -5 -6 -5 -5 -6 -5 -6 -5 -5 -5 -5 -5 -5 -5 -5 -5 -6 -6 -5 -5 -5 -5 -6 -5 -5 -6 
-5 -4 -5 -5 -5 -4 -4 -4 -5 -5 -5 -4 -4 -5 -5 -4 -4 -5 -4 -4 -5 -5 -4 -5 -4 -4 -5 -5 -5 -5 -5 -4 -4 -5 -5 -4 -4 -5 -4 -5 -5 -4 -5 -5 -5 -4 -4 -5 -4 -5 -5 -5 -4 -4 -4 -4 -4 -5 -5 -4 -5 -5 -4 -4 -4 -4 -5 -4 -4 -4 -5 -4 -5 -5 -4 -5 -4 -4 -4 -5 -4 -5 -4 -4 -5 -5 -5 -4 -4 -4 -4 -5 -4 -4 -5 
-5 -4 -5 -5 -5 -4 -4 -4 -5 -4 -5 -4 -4 -4 -5 -4 -4 -5 -4 -4 -5 -5 -4 -5 -4 -4 -5 -5 -4 -5 -4 -4 -4 -5 -5 -4 -4 -5 -4 -5 -5 -4 -5 -5 -5 -4 -4 -5 -4 -5 -5 -5 -4 -4 -4 -4 -4 -5 -5 -4 -5 -5 -4 -4 -4 -4 -5 -4 -4 -4 -5 -4 -4 -5 -4 -5 -4 -4 -4 -5 -4 -4 -4 -4 -4 -5 -5 -4 -4 -4 -4 -5 -4 -4 -5 
-5 -4 -5 -5 -5 -4 -4 -4 -5 -5 -5 -4 -4 -5 -5 -4 -4 -5 -4 -4 -5 -5 -4 -5 -4 -4 -5 -5 -5 -5 -5 -4 -4 -5 -5 -4 -4 -5 -4 -5 -5 -4 -5 -5 -5 -4 -4 -5 -4 -5 -5 -5 -4 -4 -4 -4 -4 -5 -5 -4 -5 -5 -4 -4 -4 -4 -5 -4 -4 -4 -5 -4 -5 -5 -4 -5 -4 -4 -4 -5 -4 -5 -4 -4 -5 -5 -5 -4 -4 -4 -4 -5 -4 -4 -5 
-5 -5 -6 -5 -6 -5 -5 -5 -5 -5 -6 -5 -5 -5 -6 -5 -5 -6 -5 -5 -5 -6 -5 -5 -5 -5 -5 -5 -5 -5 -5 -5 -5 -6 -6 -5 -5 -5 -5 -6 -5 -5 -6 -5 -5 -5 -5 -5 -5 -5 -5 -5 -5 -5 -5 -5 -5 -5 -5 -5 -6 -6 -5 -5 -5 -5 -6 -5 -5 -5 -5 -5 -5 -5 -5 -5 -5 -5 -5 -5 -5 -5 -5 -5 -5 -6 -5 -5 -5 -5 -5 -6 -5 -5 -5 
-5 -5 -5 -5 -5 -5 -4 -5 -5 -5 -5 -5 -5 -5 -5 -5 -5 -5 -5 -5 -5 -5 -5 -5 -5 -5 -5 -5 -5 -5 -5 -5 -5 -5 -5 -5 -5 -5 -5 -5 -5 -4 -5 -5 -5 -5 -5 -5 -5 -5 -5 -5 -5 -5 -5 -5 -5 -5 -5 -5 -5 -5 -5 -5 -5 -5 -5 -5 -4 -5 -5 -5 -5 -5 -5 -5 -5 -5 -5 -5 -4 -5 -5 -4 -5 -5 -5 -5 -5 -5 -5 -5 -5 -4 -5 
-5 -5 -6 -5 -6 -5 -5 -5 -6 -5 -6 -5 -5 -5 -6 -5 -5 -6 -5 -5 -6 -6 -5 -5 -5 -5 -6 -6 -5 -5 -5 -5 -5 -6 -6 -5 -5 -5 -5 -6 -5 -5 -6 -6 -5 -5 -5 -6 -5 -5 -5 -6 -5 -5 -5 -5 -5 -6 -5 -5 -6 -6 -5 -5 -5 -5 -6 -5 -5 -5 -6 -5 -5 -6 -5 -6 -5 -5 -5 -5 -5 -5 -5 -5 -5 -6 -6 -5 -5 -5 -5 -6 -5 -5 -6 
-5 -5 -5 -5 -5 -4 -4 -4 -5 -5 -5 -5 -5 -5 -5 -5 -5 -5 -5 -4 -5 -5 -5 -5 -4 -5 -5 -5 -5 -5 -5 -5 -5 -5 -5 -5 -5 -5 -5 -5 -5 -4 -5 -5 -5 -5 -5 -5 -5 -5 -5 -5 -4 -5 -5 -5 -4 -5 -5 -5 -5 -5 -5 -5 -4 -5 -5 -5 -4 -5 -5 -5 -5 -5 -4 -5 -5 -5 -5 -5 -4 -5 -4 -4 -5 -5 -5 -5 -4 -5 -5 -5 -4 -4 -5 
-5 -4 -5 -5 -5 -4 -4 -4 -5 -5 -5 -5 -4 -5 -5 -4 -4 -5 -4 -4 -5 -5 -5 -5 -4 -4 -5 -5 -5 -5 -5 -5 -4 -5 -5 -5 -4 -5 -4 -5 -5 -4 -5 -5 -5 -5 -4 -5 -4 -5 -5 -5 -4 -4 -4 -4 -4 -5 -5 -4 -5 -5 -4 -4 -4 -4 -5 -4 -4 -4 -5 -5 -5 -5 -4 -5 -4 -5 -4 -5 -4 -5 -4 -4 -5 -5 -5 -4 -4 -4 -4 -5 -4 -4 -5 
-5 -5 -5 -5 -5 -5 -4 -5 -5 -5 -5 -5 -5 -5 -5 -5 -5 -5 -5 -5 -5 -5 -5 -5 -5 -5 -5 -5 -5 -5 -5 -5 -5 -5 -5 -5 -5 -5 -5 -5 -5 -4 -5 -5 -5 -5 -5 -5 -5 -5 -5 -5 -4 -5 -5 -5 -5 -5 -5 -5 -5 -5 -5 -5 -5 -5 -5 -5 -4 -5 -5 -5 -5 -5 -5 -5 -5 -5 -5 -5 -4 -5 -5 -4 -5 -5 -5 -5 -5 -5 -5 -5 -5 -4 -5 
-5 -5 -6 -5 -6 -5 -5 -5 -6 -5 -6 -5 -5 -5 -6 -5 -5 -6 -5 -5 -6 -6 -5 -5 -5 -5 -6 -6 -5 -6 -5 -5 -5 -6 -6 -5 -5 -5 -5 -6 -5 -5 -6 -6 -5 -5 -5 -6 -5 -6 -5 -6 -5 -5 -5 -5 -5 -6 -5 -5 -6 -6 -5 -5 -5 -5 -6 -5 -5 -5 -6 -5 -5 -6 -5 -6 -5 -5 -5 -5 -5 -5 -5 -5 -5 -6 -6 -5 -5 -5 -5 -6 -5 -5 -6 
-5 -4 -5 -5 -5 -4 -4 -4 -5 -5 -5 -5 -4 -5 -5 -5 -5 -5 -5 -4 -5 -5 -5 -5 -4 -4 -5 -5 -5 -5 -5 -5 -5 -5 -5 -5 -4 -5 -4 -5 -5 -4 -5 -5 -5 -5 -4 -5 -5 -5 -5 -5 -4 -4 -5 -4 -4 -5 -5 -4 -5 -5 -5 -4 -4 -5 -5 -5 -4 -4 -5 -5 -5 -5 -4 -5 -4 -5 -4 -5 -4 -5 -4 -4 -5 -5 -5 -5 -4 -4 -4 -5 -4 -4 -5 
-5 -4 -5 -5 -5 -4 -4 -4 -5 -5 -5 -5 -4 -5 -5 -5 -5 -5 -5 -4 -5 -5 -5 -5 -4 -5 -5 -5 -5 -5 -5 -5 -5 -5 -5 -5 -5 -5 -4 -5 -5 -4 -5 -5 -5 -5 -4 -5 -5 -5 -5 -5 -4 -4 -5 -4 -4 -5 -5 -5 -5 -5 -5 -4 -4 -5 -5 -5 -4 -4 -5 -5 -5 -5 -4 -5 -4 -5 -4 -5 -4 -5 -4 -4 -5 -5 -5 -5 -4 -4 -4 -5 -4 -4 -5 
-5 -5 -6 -5 -6 -5 -5 -5 -6 -5 -6 -5 -5 -5 -6 -5 -5 -6 -5 -5 -6 -6 -5 -6 -5 -5 -6 -6 -5 -6 -5 -5 -5 -6 -6 -5 -5 -5 -5 -6 -6 -5 -6 -6 -6 -5 -5 -6 -5 -6 -6 -6 -5 -5 -5 -5 -5 -6 -5 -5 -6 -6 -5 -5 -5 -5 -6 -5 -5 -5 -6 -5 -5 -6 -5 -6 -5 -5 -5 -5 -5 -5 -5 -5 -5 -6 -6 -5 -5 -5 -5 -6 -5 -5 -6 
-5 -4 -5 -5 -5 -4 -4 -4 -5 -5 -5 -5 -4 -5 -5 -5 -5 -5 -5 -4 -5 -5 -5 -5 -4 -5 -5 -5 -5 -5 -5 -5 -5 -5 -5 -5 -5 -5 -4 -5 -5 -4 -5 -5 -5 -5 -4 -5 -5 -5 -5 -5 -4 -4 -5 -4 -4 -5 -5 -5 -5 -5 -5 -5 -4 -5 -5 -5 -4 -4 -5 -5 -5 -5 -4 -5 -4 -5 -4 -5 -4 -5 -4 -4 -5 -5 -5 -5 -4 -4 -4 -5 -4 -4 -5 
-5 -4 -5 -5 -5 -4 -4 -4 -5 -5 -5 -4 -4 -5 -5 -4 -4 -5 -4 -4 -5 -5 -4 -5 -4 -4 -5 -5 -5 -5 -5 -4 -4 -5 -5 -4 -4 -5 -4 -5 -5 -4 -5 -5 -5 -4 -4 -5 -4 -5 -5 -5 -4 -4 -4 -4 -4 -5 -5 -4 -5 -5 -4 -4 -4 -4 -5 -4 -4 -4 -5 -4 -5 -5 -4 -5 -4 -4 -4 -5 -4 -5 -4 -4 -5 -5 -5 -4 -4 -4 -4 -5 -4 -4 -5 
-5 -5 -6 -5 -6 -5 -5 -5 -5 -5 -6 -5 -5 -5 -6 -5 -5 -6 -5 -5 -6 -6 -5 -5 -5 -5 -5 -6 -5 -5 -5 -5 -5 -6 -6 -5 -5 -5 -5 -6 -5 -5 -6 -6 -5 -5 -5 -6 -5 -5 -5 -6 -5 -5 -5 -5 -5 -6 -5 -5 -6 -6 -5 -5 -5 -5 -6 -5 -5 -5 -5 -5 -5 -6 -5 -5 -5 -5 -5 -5 -5 -5 -5 -5 -5 -6 -6 -5 -5 -5 -5 -6 -5 -5 -6 
-5 -5 -6 -5 -6 -5 -5 -5 -6 -5 -6 -5 -5 -5 -6 -5 -5 -6 -5 -5 -6 -6 -5 -5 -5 -5 -6 -6 -5 -5 -5 -5 -5 -6 -6 -5 -5 -5 -5 -6 -5 -5 -6 -6 -5 -5 -5 -6 -5 -5 -5 -6 -5 -5 -5 -5 -5 -6 -5 -5 -6 -6 -5 -5 -5 -5 -6 -5 -5 -5 -5 -5 -5 -6 -5 -6 -5 -5 -5 -5 -5 -5 -5 -5 -5 -6 -6 -5 -5 -5 -5 -6 -5 -5 -6 
-5 -5 -5 -5 -5 -4 -4 -4 -5 -5 -5 -5 -5 -5 -5 -5 -5 -5 -5 -4 -5 -5 -5 -5 -4 -5 -5 -5 -5 -5 -5 -5 -5 -5 -5 -5 -5 -5 -4 -5 -5 -4 -5 -5 -5 -5 -4 -5 -5 -5 -5 -5 -4 -5 -5 -4 -4 -5 -5 -5 -5 -5 -5 -5 -4 -5 -5 -5 -4 -5 -5 -5 -5 -5 -4 -5 -5 -5 -4 -5 -4 -5 -4 -4 -5 -5 -5 -5 -4 -4 -4 -5 -4 -4 -5 
-5 -5 -5 -5 -5 -5 -5 -5 -5 -5 -5 -5 -5 -5 -5 -5 -5 -6 -5 -5 -5 -5 -5 -5 -5 -5 -5 -5 -5 -5 -5 -5 -5 -6 -5 -5 -5 -5 -5 -5 -5 -5 -5 -5 -5 -5 -5 -5 -5 -5 -5 -5 -5 -5 -5 -5 -5 -5 -5 -5 -5 -6 -5 -5 -5 -5 -5 -5 -5 -5 -5 -5 -5 -5 -5 -5 -5 -5 -5 -5 -5 -5 -5 -5 -5 -5 -5 -5 -5 -5 -5 -6 -5 -5 -5 
-5 -4 -5 -5 -5 -4 -4 -4 -5 -5 -5 -4 -4 -5 -5 -4 -4 -5 -4 -4 -5 -5 -4 -5 -4 -4 -5 -5 -5 -5 -5 -4 -4 -5 -5 -4 -4 -5 -4 -5 -5 -4 -5 -5 -5 -4 -4 -5 -4 -5 -5 -5 -4 -4 -4 -4 -4 -5 -5 -4 -5 -5 -4 -4 -4 -4 -5 -4 -4 -4 -5 -4 -5 -5 -4 -5 -4 -4 -4 -5 -4 -5 -4 -4 -5 -5 -5 -4 -4 -4 -4 -5 -4 -4 -5 
-5 -4 -5 -5 -5 -4 -4 -4 -5 -5 -5 -5 -4 -5 -5 -4 -5 -5 -5 -4 -5 -5 -5 -5 -4 -4 -5 -5 -5 -5 -5 -5 -4 -5 -5 -5 -4 -5 -4 -5 -5 -4 -5 -5 -5 -5 -4 -5 -5 -5 -5 -5 -4 -4 -5 -4 -4 -5 -5 -4 -5 -5 -5 -4 -4 -5 -5 -5 -4 -4 -5 -5 -5 -5 -4 -5 -4 -5 -4 -5 -4 -5 -4 -4 -5 -5 -5 -5 -4 -4 -4 -5 -4 -4 -5 
-5 -5 -6 -5 -6 -5 -5 -5 -5 -5 -6 -5 -5 -5 -6 -5 -5 -6 -5 -5 -5 -6 -5 -5 -5 -5 -5 -5 -5 -5 -5 -5 -5 -6 -6 -5 -5 -5 -5 -6 -5 -5 -6 -5 -5 -5 -5 -5 -5 -5 -5 -5 -5 -5 -5 -5 -5 -5 -5 -5 -6 -6 -5 -5 -5 -5 -6 -5 -5 -5 -5 -5 -5 -5 -5 -5 -5 -5 -5 -5 -5 -5 -5 -5 -5 -6 -5 -5 -5 -5 -5 -6 -5 -5 -5 
-5 -5 -6 -5 -6 -5 -5 -5 -5 -5 -6 -5 -5 -5 -6 -5 -5 -6 -5 -5 -6 -6 -5 -5 -5 -5 -5 -5 -5 -5 -5 -5 -5 -6 -6 -5 -5 -5 -5 -6 -5 -5 -6 -5 -5 -5 -5 -5 -5 -5 -5 -6 -5 -5 -5 -5 -5 -6 -5 -5 -6 -6 -5 -5 -5 -5 -6 -5 -5 -5 -5 -5 -5 -6 -5 -5 -5 -5 -5 -5 -5 -5 -5 -5 -5 -6 -6 -5 -5 -5 -5 -6 -5 -5 -6 
-5 -5 -5 -5 -5 -5 -4 -5 -5 -5 -5 -5 -5 -5 -5 -5 -5 -5 -5 -5 -5 -5 -5 -5 -5 -5 -5 -5 -5 -5 -5 -5 -5 -5 -5 -5 -5 -5 -5 -5 -5 -4 -5 -5 -5 -5 -5 -5 -5 -5 -5 -5 -5 -5 -5 -5 -5 -5 -5 -5 -5 -5 -5 -5 -5 -5 -5 -5 -4 -5 -5 -5 -5 -5 -5 -5 -5 -5 -5 -5 -5 -5 -5 -5 -5 -5 -5 -5 -5 -5 -5 -5 -5 -4 -5 
-5 -5 -6 -5 -5 -5 -5 -5 -5 -5 -5 -5 -5 -5 -6 -5 -5 -6 -5 -5 -5 -5 -5 -5 -5 -5 -5 -5 -5 -5 -5 -5 -5 -6 -6 -5 -5 -5 -5 -5 -5 -5 -5 -5 -5 -5 -5 -5 -5 -5 -5 -5 -5 -5 -5 -5 -5 -5 -5 -5 -6 -6 -5 -5 -5 -5 -5 -5 -5 -5 -5 -5 -5 -5 -5 -5 -5 -5 -5 -5 -5 -5 -5 -5 -5 -6 -5 -5 -5 -5 -5 -6 -5 -5 -5 
-5 -5 -5 -5 -5 -5 -4 -5 -5 -5 -5 -5 -5 -5 -5 -5 -5 -5 -5 -5 -5 -5 -5 -5 -5 -5 -5 -5 -5 -5 -5 -5 -5 -5 -5 -5 -5 -5 -5 -5 -5 -4 -5 -5 -5 -5 -5 -5 -5 -5 -5 -5 -4 -5 -5 -5 -5 -5 -5 -5 -5 -5 -5 -5 -5 -5 -5 -5 -4 -5 -5 -5 -5 -5 -5 -5 -5 -5 -5 -5 -4 -5 -5 -4 -5 -5 -5 -5 -5 -5 -5 -5 -5 -4 -5 
-5 -5 -5 -5 -5 -4 -4 -4 -5 -5 -5 -5 -5 -5 -5 -5 -5 -5 -5 -4 -5 -5 -5 -5 -4 -5 -5 -5 -5 -5 -5 -5 -5 -5 -5 -5 -5 -5 -5 -5 -5 -4 -5 -5 -5 -5 -5 -5 -5 -5 -5 -5 -4 -5 -5 -5 -4 -5 -5 -5 -5 -5 -5 -5 -4 -5 -5 -5 -4 -5 -5 -5 -5 -5 -4 -5 -5 -5 -5 -5 -4 -5 -4 -4 -5 -5 -5 -5 -4 -5 -5 -5 -5 -4 -5 
-5 -4 -5 -5 -5 -4 -4 -4 -5 -5 -5 -5 -4 -5 -5 -5 -5 -5 -5 -4 -5 -5 -5 -5 -4 -4 -5 -5 -5 -5 -5 -5 -5 -5 -5 -5 -4 -5 -4 -5 -5 -4 -5 -5 -5 -5 -4 -5 -5 -5 -5 -5 -4 -4 -5 -4 -4 -5 -5 -4 -5 -5 -5 -4 -4 -5 -5 -5 -4 -4 -5 -5 -5 -5 -4 -5 -4 -5 -4 -5 -4 -5 -4 -4 -5 -5 -5 -5 -4 -4 -4 -5 -4 -4 -5 
-5 -5 -6 -5 -6 -5 -5 -5 -6 -5 -6 -5 -5 -5 -6 -5 -5 -6 -5 -5 -6 -6 -5 -6 -5 -5 -6 -6 -5 -6 -5 -5 -5 -6 -6 -5 -5 -5 -5 -6 -6 -5 -6 -6 -6 -5 -5 -6 -5 -6 -6 -6 -5 -5 -5 -5 -5 -6 -5 -5 -6 -6 -5 -5 -5 -5 -6 -5 -5 -5 -6 -5 -5 -6 -5 -6 -5 -5 -5 -5 -5 -5 -5 -5 -5 -6 -6 -5 -5 -5 -5 -6 -5 -5 -6 
-5 -5 -6 -5 -6 -5 -5 -5 -6 -5 -6 -5 -5 -5 -6 -5 -5 -6 -5 -5 -6 -6 -5 -5 -5 -5 -6 -6 -5 -6 -5 -5 -5 -6 -6 -5 -5 -5 -5 -6 -5 -5 -6 -6 -5 -5 -5 -6 -5 -6 -5 -6 -5 -5 -5 -5 -5 -6 -5 -5 -6 -6 -5 -5 -5 -5 -6 -5 -5 -5 -6 -5 -5 -6 -5 -6 -5 -5 -5 -5 -5 -5 -5 -5 -5 -6 -6 -5 -5 -5 -5 -6 -5 -5 -6 
-5 -5 -5 -5 -5 -4 -4 -4 -5 -5 -5 -5 -5 -5 -5 -5 -5 -5 -5 -4 -5 -5 -5 -5 -4 -5 -5 -5 -5 -5 -5 -5 -5 -5 -5 -5 -5 -5 -5 -5 -5 -4 -5 -5 -5 -5 -5 -5 -5 -5 -5 -5 -4 -5 -5 -5 -4 -5 -5 -5 -5 -5 -5 -5 -4 -5 -5 -5 -4 -5 -5 -5 -5 -5 -4 -5 -5 -5 -5 -5 -4 -5 -4 -4 -5 -5 -5 -5 -5 -5 -5 -5 -5 -4 -5 
-5 -4 -5 -5 -5 -4 -4 -4 -5 -5 -5 -5 -4 -5 -5 -4 -5 -5 -5 -4 -5 -5 -5 -5 -4 -4 -5 -5 -5 -5 -5 -5 -4 -5 -5 -5 -4 -5 -4 -5 -5 -4 -5 -5 -5 -5 -4 -5 -5 -5 -5 -5 -4 -4 -5 -4 -4 -5 -5 -4 -5 -5 -5 -4 -4 -5 -5 -5 -4 -4 -5 -5 -5 -5 -4 -5 -4 -5 -4 -5 -4 -5 -4 -4 -5 -5 -5 -5 -4 -4 -4 -5 -4 -4 -5 
-5 -5 -5 -5 -5 -5 -5 -5 -5 -5 -5 -5 -5 -5 -5 -5 -5 -5 -5 -5 -5 -5 -5 -5 -5 -5 -5 -5 -5 -5 -5 -5 -5 -5 -5 -5 -5 -5 -5 -5 -5 -5 -5 -5 -5 -5 -5 -5 -5 -5 -5 -5 -5 -5 -5 -5 -5 -5 -5 -5 -5 -5 -5 -5 -5 -5 -5 -5 -5 -5 -5 -5 -5 -5 -5 -5 -5 -5 -5 -5 -5 -5 -5 -5 -5 -5 -5 -5 -5 -5 -5 -5 -5 -4 -5 
-5 -4 -5 -5 -5 -4 -4 -4 -5 -5 -5 -5 -4 -5 -5 -4 -4 -5 -4 -4 -5 -5 -4 -5 -4 -4 -5 -5 -5 -5 -5 -5 -4 -5 -5 -5 -4 -5 -4 -5 -5 -4 -5 -5 -5 -5 -4 -5 -4 -5 -5 -5 -4 -4 -4 -4 -4 -5 -5 -4 -5 -5 -4 -4 -4 -4 -5 -4 -4 -4 -5 -4 -5 -5 -4 -5 -4 -5 -4 -5 -4 -5 -4 -4 -5 -5 -5 -4 -4 -4 -4 -5 -4 -4 -5 
-5 -5 -6 -5 -6 -5 -5 -5 -6 -5 -6 -5 -5 -5 -6 -5 -5 -6 -5 -5 -6 -6 -5 -5 -5 -5 -6 -6 -5 -5 -5 -5 -5 -6 -6 -5 -5 -5 -5 -6 -5 -5 -6 -6 -5 -5 -5 -6 -5 -5 -5 -6 -5 -5 -5 -5 -5 -6 -5 -5 -6 -6 -5 -5 -5 -5 -6 -5 -5 -5 -6 -5 -5 -6 -5 -6 -5 -5 -5 -5 -5 -5 -5 -5 -5 -6 -6 -5 -5 -5 -5 -6 -5 -5 -6 
-5 -5 -5 -5 -5 -5 -5 -5 -5 -5 -5 -5 -5 -5 -5 -5 -5 -6 -5 -5 -5 -5 -5 -5 -5 -5 -5 -5 -5 -5 -5 -5 -5 -6 -5 -5 -5 -5 -5 -5 -5 -5 -5 -5 -5 -5 -5 -5 -5 -5 -5 -5 -5 -5 -5 -5 -5 -5 -5 -5 -5 -5 -5 -5 -5 -5 -5 -5 -5 -5 -5 -5 -5 -5 -5 -5 -5 -5 -5 -5 -5 -5 -5 -5 -5 -5 -5 -5 -5 -5 -5 -6 -5 -5 -5 
-5 -4 -5 -4 -5 -4 -4 -4 -5 -4 -5 -4 -4 -4 -5 -4 -4 -5 -4 -4 -5 -5 -4 -5 -4 -4 -5 -5 -4 -5 -4 -4 -4 -5 -5 -4 -4 -5 -4 -5 -5 -4 -5 -5 -5 -4 -4 -5 -4 -5 -5 -5 -4 -4 -4 -4 -4 -5 -4 -4 -5 -5 -4 -4 -4 -4 -5 -4 -4 -4 -5 -4 -4 -5 -4 -5 -4 -4 -4 -4 -4 -4 -4 -4 -4 -5 -5 -4 -4 -4 -4 -5 -4 -4 -5 
-5 -5 -6 -5 -6 -5 -5 -5 -6 -5 -6 -5 -5 -5 -6 -5 -5 -6 -5 -5 -6 -6 -5 -5 -5 -5 -6 -6 -5 -5 -5 -5 -5 -6 -6 -5 -5 -5 -5 -6 -5 -5 -6 -6 -5 -5 -5 -6 -5 -5 -5 -6 -5 -5 -5 -5 -5 -6 -5 -5 -6 -6 -5 -5 -5 -5 -6 -5 -5 -5 -6 -5 -5 -6 -5 -6 -5 -5 -5 -5 -5 -5 -5 -5 -5 -6 -6 -5 -5 -5 -5 -6 -5 -5 -6 
-5 -5 -6 -5 -6 -5 -5 -5 -5 -5 -6 -5 -5 -5 -6 -5 -5 -6 -5 -5 -6 -6 -5 -5 -5 -5 -5 -5 -5 -5 -5 -5 -5 -6 -6 -5 -5 -5 -5 -6 -5 -5 -6 -5 -5 -5 -5 -5 -5 -5 -5 -6 -5 -5 -5 -5 -5 -6 -5 -5 -6 -6 -5 -5 -5 -5 -6 -5 -5 -5 -5 -5 -5 -6 -5 -5 -5 -5 -5 -5 -5 -5 -5 -5 -5 -6 -6 -5 -5 -5 -5 -6 -5 -5 -6 
-5 -5 -5 -5 -5 -5 -5 -5 -5 -5 -5 -5 -5 -5 -5 -5 -5 -6 -5 -5 -5 -5 -5 -5 -5 -5 -5 -5 -5 -5 -5 -5 -5 -6 -5 -5 -5 -5 -5 -5 -5 -5 -5 -5 -5 -5 -5 -5 -5 -5 -5 -5 -5 -5 -5 -5 -5 -5 -5 -5 -5 -5 -5 -5 -5 -5 -5 -5 -5 -5 -5 -5 -5 -5 -5 -5 -5 -5 -5 -5 -5 -5 -5 -5 -5 -5 -5 -5 -5 -5 -5 -6 -5 -5 -5 
-5 -5 -5 -5 -5 -4 -4 -4 -5 -5 -5 -5 -5 -5 -5 -5 -5 -5 -5 -4 -5 -5 -5 -5 -4 -5 -5 -5 -5 -5 -5 -5 -5 -5 -5 -5 -5 -5 -5 -5 -5 -4 -5 -5 -5 -5 -5 -5 -5 -5 -5 -5 -4 -5 -5 -5 -4 -5 -5 -5 -5 -5 -5 -5 -4 -5 -5 -5 -4 -5 -5 -5 -5 -5 -4 -5 -5 -5 -5 -5 -4 -5 -4 -4 -5 -5 -5 -5 -4 -5 -5 -5 -5 -4 -5 
-5 -4 -5 -5 -5 -4 -4 -4 -5 -5 -5 -5 -4 -5 -5 -4 -4 -5 -4 -4 -5 -5 -4 -5 -4 -4 -5 -5 -5 -5 -5 -5 -4 -5 -5 -5 -4 -5 -4 -5 -5 -4 -5 -5 -5 -5 -4 -5 -4 -5 -5 -5 -4 -4 -4 -4 -4 -5 -5 -4 -5 -5 -4 -4 -4 -4 -5 -4 -4 -4 -5 -5 -5 -5 -4 -5 -4 -5 -4 -5 -4 -5 -4 -4 -5 -5 -5 -4 -4 -4 -4 -5 -4 -4 -5 
-5 -5 -6 -5 -6 -5 -5 -5 -5 -5 -6 -5 -5 -5 -6 -5 -5 -6 -5 -5 -6 -6 -5 -5 -5 -5 -5 -5 -5 -5 -5 -5 -5 -6 -6 -5 -5 -5 -5 -6 -5 -5 -6 -5 -5 -5 -5 -5 -5 -5 -5 -6 -5 -5 -5 -5 -5 -6 -5 -5 -6 -6 -5 -5 -5 -5 -6 -5 -5 -5 -5 -5 -5 -6 -5 -5 -5 -5 -5 -5 -5 -5 -5 -5 -5 -6 -6 -5 -5 -5 -5 -6 -5 -5 -6 
-5 -5 -5 -5 -5 -4 -4 -4 -5 -5 -5 -5 -4 -5 -5 -5 -5 -5 -5 -4 -5 -5 -5 -5 -4 -5 -5 -5 -5 -5 -5 -5 -5 -5 -5 -5 -5 -5 -4 -5 -5 -4 -5 -5 -5 -5 -4 -5 -5 -5 -5 -5 -4 -5 -5 -4 -4 -5 -5 -5 -5 -5 -5 -5 -4 -5 -5 -5 -4 -5 -5 -5 -5 -5 -4 -5 -5 -5 -4 -5 -4 -5 -4 -4 -5 -5 -5 -5 -4 -4 -4 -5 -4 -4 -5 
-5 -5 -5 -5 -5 -5 -5 -5 -5 -5 -5 -5 -5 -5 -6 -5 -5 -6 -5 -5 -5 -5 -5 -5 -5 -5 -5 -5 -5 -5 -5 -5 -5 -6 -6 -5 -5 -5 -5 -5 -5 -5 -5 -5 -5 -5 -5 -5 -5 -5 -5 -5 -5 -5 -5 -5 -5 -5 -5 -5 -5 -6 -5 -5 -5 -5 -5 -5 -5 -5 -5 -5 -5 -5 -5 -5 -5 -5 -5 -5 -5 -5 -5 -5 -5 -5 -5 -5 -5 -5 -5 -6 -5 -5 -5 
-5 -5 -5 -5 -5 -5 -5 -5 -5 -5 -5 -5 -5 -5 -5 -5 -5 -6 -5 -5 -5 -5 -5 -5 -5 -5 -5 -5 -5 -5 -5 -5 -5 -6 -5 -5 -5 -5 -5 -5 -5 -5 -5 -5 -5 -5 -5 -5 -5 -5 -5 -5 -5 -5 -5 -5 -5 -5 -5 -5 -5 -5 -5 -5 -5 -5 -5 -5 -5 -5 -5 -5 -5 -5 -5 -5 -5 -5 -5 -5 -5 -5 -5 -5 -5 -5 -5 -5 -5 -5 -5 -6 -5 -5 -5 
-5 -5 -6 -5 -6 -5 -5 -5 -5 -5 -6 -5 -5 -5 -6 -5 -5 -6 -5 -5 -6 -6 -5 -5 -5 -5 -5 -6 -5 -5 -5 -5 -5 -6 -6 -5 -5 -5 -5 -6 -5 -5 -6 -6 -5 -5 -5 -6 -5 -5 -5 -6 -5 -5 -5 -5 -5 -6 -5 -5 -6 -6 -5 -5 -5 -5 -6 -5 -5 -5 -5 -5 -5 -6 -5 -5 -5 -5 -5 -5 -5 -5 -5 -5 -5 -6 -6 -5 -5 -5 -5 -6 -5 -5 -6 
-5 -4 -5 -5 -5 -4 -4 -4 -5 -5 -5 -4 -4 -4 -5 -4 -4 -5 -4 -4 -5 -5 -4 -5 -4 -4 -5 -5 -5 -5 -4 -4 -4 -5 -5 -4 -4 -5 -4 -5 -5 -4 -5 -5 -5 -4 -4 -5 -4 -5 -5 -5 -4 -4 -4 -4 -4 -5 -5 -4 -5 -5 -4 -4 -4 -4 -5 -4 -4 -4 -5 -4 -4 -5 -4 -5 -4 -4 -4 -5 -4 -5 -4 -4 -4 -5 -5 -4 -4 -4 -4 -5 -4 -4 -5 
-5 -4 -5 -5 -5 -4 -4 -4 -5 -5 -5 -5 -4 -5 -5 -4 -4 -5 -4 -4 -5 -5 -5 -5 -4 -4 -5 -5 -5 -5 -5 -5 -4 -5 -5 -5 -4 -5 -4 -5 -5 -4 -5 -5 -5 -5 -4 -5 -5 -5 -5 -5 -4 -4 -5 -4 -4 -5 -5 -4 -5 -5 -4 -4 -4 -4 -5 -4 -4 -4 -5 -5 -5 -5 -4 -5 -4 -5 -4 -5 -4 -5 -4 -4 -5 -5 -5 -4 -4 -4 -4 -5 -4 -4 -5 
-5 -5 -5 -5 -5 -4 -4 -4 -5 -5 -5 -5 -4 -5 -5 -5 -5 -5 -5 -4 -5 -5 -5 -5 -4 -5 -5 -5 -5 -5 -5 -5 -5 -5 -5 -5 -5 -5 -4 -5 -5 -4 -5 -5 -5 -5 -4 -5 -5 -5 -5 -5 -4 -5 -5 -4 -4 -5 -5 -5 -5 -5 -5 -5 -4 -5 -5 -5 -4 -5 -5 -5 -5 -5 -4 -5 -5 -5 -4 -5 -4 -5 -4 -4 -5 -5 -5 -5 -4 -4 -4 -5 -4 -4 -5 
-5 -4 -5 -5 -5 -4 -4 -4 -5 -5 -5 -5 -4 -5 -5 -4 -4 -5 -4 -4 -5 -5 -4 -5 -4 -4 -5 -5 -5 -5 -5 -5 -4 -5 -5 -5 -4 -5 -4 -5 -5 -4 -5 -5 -5 -5 -4 -5 -4 -5 -5 -5 -4 -4 -4 -4 -4 -5 -5 -4 -5 -5 -4 -4 -4 -4 -5 -4 -4 -4 -5 -4 -5 -5 -4 -5 -4 -5 -4 -5 -4 -5 -4 -4 -5 -5 -5 -4 -4 -4 -4 -5 -4 -4 -5 
-5 -4 -5 -5 -5 -4 -4 -4 -5 -5 -5 -4 -4 -5 -5 -4 -4 -5 -4 -4 -5 -5 -4 -5 -4 -4 -5 -5 -5 -5 -5 -4 -4 -5 -5 -4 -4 -5 -4 -5 -5 -4 -5 -5 -5 -4 -4 -5 -4 -5 -5 -5 -4 -4 -4 -4 -4 -5 -5 -4 -5 -5 -4 -4 -4 -4 -5 -4 -4 -4 -5 -4 -5 -5 -4 -5 -4 -4 -4 -5 -4 -5 -4 -4 -4 -5 -5 -4 -4 -4 -4 -5 -4 -4 -5 
-5 -5 -6 -5 -6 -5 -5 -5 -5 -5 -6 -5 -5 -5 -6 -5 -5 -6 -5 -5 -6 -6 -5 -5 -5 -5 -5 -6 -5 -5 -5 -5 -5 -6 -6 -5 -5 -5 -5 -6 -5 -5 -6 -6 -5 -5 -5 -6 -5 -5 -5 -6 -5 -5 -5 -5 -5 -6 -5 -5 -6 -6 -5 -5 -5 -5 -6 -5 -5 -5 -5 -5 -5 -6 -5 -6 -5 -5 -5 -5 -5 -5 -5 -5 -5 -6 -6 -5 -5 -5 -5 -6 -5 -5 -6 
-5 -5 -5 -5 -5 -5 -5 -5 -5 -5 -5 -5 -5 -5 -5 -5 -5 -5 -5 -5 -5 -5 -5 -5 -5 -5 -5 -5 -5 -5 -5 -5 -5 -5 -5 -5 -5 -5 -5 -5 -5 -4 -5 -5 -5 -5 -5 -5 -5 -5 -5 -5 -5 -5 -5 -5 -5 -5 -5 -5 -5 -5 -5 -5 -5 -5 -5 -5 -5 -5 -5 -5 -5 -5 -5 -5 -5 -5 -5 -5 -5 -5 -5 -5 -5 -5 -5 -5 -5 -5 -5 -5 -5 -4 -5 
-5 -4 -5 -5 -5 -4 -4 -4 -5 -5 -5 -5 -4 -5 -5 -4 -5 -5 -5 -4 -5 -5 -5 -5 -4 -4 -5 -5 -5 -5 -5 -5 -4 -5 -5 -5 -4 -5 -4 -5 -5 -4 -5 -5 -5 -5 -4 -5 -5 -5 -5 -5 -4 -4 -5 -4 -4 -5 -5 -4 -5 -5 -5 -4 -4 -5 -5 -5 -4 -4 -5 -5 -5 -5 -4 -5 -4 -5 -4 -5 -4 -5 -4 -4 -5 -5 -5 -5 -4 -4 -4 -5 -4 -4 -5 
-5 -5 -6 -5 -6 -5 -5 -5 -6 -5 -6 -5 -5 -5 -6 -5 -5 -6 -5 -5 -6 -6 -5 -5 -5 -5 -6 -6 -5 -6 -5 -5 -5 -6 -6 -5 -5 -5 -5 -6 -5 -5 -6 -6 -5 -5 -5 -6 -5 -5 -5 -6 -5 -5 -5 -5 -5 -6 -5 -5 -6 -6 -5 -5 -5 -5 -6 -5 -5 -5 -6 -5 -5 -6 -5 -6 -5 -5 -5 -5 -5 -5 -5 -5 -5 -6 -6 -5 -5 -5 -5 -6 -5 -5 -6 
-5 -5 -6 -5 -6 -5 -5 -5 -6 -5 -6 -5 -5 -5 -6 -5 -5 -6 -5 -5 -6 -6 -5 -6 -5 -5 -6 -6 -5 -6 -5 -5 -5 -6 -6 -5 -5 -5 -5 -6 -5 -5 -6 -6 -5 -5 -5 -6 -5 -6 -5 -6 -5 -5 -5 -5 -5 -6 -5 -5 -6 -6 -5 -5 -5 -5 -6 -5 -5 -5 -6 -5 -5 -6 -5 -6 -5 -5 -5 -5 -5 -5 -5 -5 -5 -6 -6 -5 -5 -5 -5 -6 -5 -5 -6 
-5 -5 -5 -5 -5 -4 -4 -4 -5 -5 -5 -5 -4 -5 -5 -5 -5 -5 -5 -4 -5 -5 -5 -5 -4 -5 -5 -5 -5 -5 -5 -5 -5 -5 -5 -5 -5 -5 -4 -5 -5 -4 -5 -5 -5 -5 -4 -5 -5 -5 -5 -5 -4 -4 -5 -4 -4 -5 -5 -5 -5 -5 -5 -5 -4 -5 -5 -5 -4 -4 -5 -5 -5 -5 -4 -5 -4 -5 -4 -5 -4 -5 -4 -4 -5 -5 -5 -5 -4 -4 -4 -5 -4 -4 -5 
-5 -4 -5 -5 -5 -4 -4 -4 -5 -5 -5 -5 -4 -5 -5 -4 -4 -5 -5 -4 -5 -5 -5 -5 -4 -4 -5 -5 -5 -5 -5 -5 -4 -5 -5 -5 -4 -5 -4 -5 -5 -4 -5 -5 -5 -5 -4 -5 -5 -5 -5 -5 -4 -4 -5 -4 -4 -5 -5 -4 -5 -5 -5 -4 -4 -5 -5 -5 -4 -4 -5 -5 -5 -5 -4 -5 -4 -5 -4 -5 -4 -5 -4 -4 -5 -5 -5 -5 -4 -4 -4 -5 -4 -4 -5 
-5 -4 -5 -5 -5 -4 -4 -4 -5 -5 -5 -4 -4 -5 -5 -4 -4 -5 -4 -4 -5 -5 -4 -5 -4 -4 -5 -5 -5 -5 -5 -4 -4 -5 -5 -4 -4 -5 -4 -5 -5 -4 -5 -5 -5 -4 -4 -5 -4 -5 -5 -5 -4 -4 -4 -4 -4 -5 -5 -4 -5 -5 -4 -4 -4 -4 -5 -4 -4 -4 -5 -4 -5 -5 -4 -5 -4 -4 -4 -5 -4 -5 -4 -4 -4 -5 -5 -4 -4 -4 -4 -5 -4 -4 -5 
-5 -5 -5 -5 -5 -4 -4 -4 -5 -5 -5 -5 -4 -5 -5 -5 -5 -5 -5 -4 -5 -5 -5 -5 -4 -5 -5 -5 -5 -5 -5 -5 -5 -5 -5 -5 -5 -5 -4 -5 -5 -4 -5 -5 -5 -5 -4 -5 -5 -5 -5 -5 -4 -4 -5 -4 -4 -5 -5 -5 -5 -5 -5 -5 -4 -5 -5 -5 -4 -4 -5 -5 -5 -5 -4 -5 -4 -5 -4 -5 -4 -5 -4 -4 -5 -5 -5 -5 -4 -4 -4 -5 -4 -4 -5 
-5 -5 -6 -5 -6 -5 -5 -5 -6 -5 -6 -5 -5 -5 -6 -5 -5 -6 -5 -5 -6 -6 -5 -5 -5 -5 -6 -6 -5 -5 -5 -5 -5 -6 -6 -5 -5 -5 -5 -6 -5 -5 -6 -6 -5 -5 -5 -6 -5 -5 -5 -6 -5 -5 -5 -5 -5 -6 -5 -5 -6 -6 -5 -5 -5 -5 -6 -5 -5 -5 -6 -5 -5 -6 -5 -6 -5 -5 -5 -5 -5 -5 -5 -5 -5 -6 -6 -5 -5 -5 -5 -6 -5 -5 -6 
-5 -4 -5 -5 -5 -4 -4 -4 -5 -5 -5 -5 -4 -5 -5 -5 -5 -5 -5 -4 -5 -5 -5 -5 -4 -5 -5 -5 -5 -5 -5 -5 -5 -5 -5 -5 -5 -5 -4 -5 -5 -4 -5 -5 -5 -5 -4 -5 -5 -5 -5 -5 -4 -4 -5 -4 -4 -5 -5 -5 -5 -5 -5 -5 -4 -5 -5 -5 -4 -4 -5 -5 -5 -5 -4 -5 -4 -5 -4 -5 -4 -5 -4 -4 -5 -5 -5 -5 -4 -4 -4 -5 -4 -4 -5 
-5 -4 -5 -5 -5 -4 -4 -4 -5 -4 -5 -4 -4 -4 -5 -4 -4 -5 -4 -4 -5 -5 -4 -5 -4 -4 -5 -5 -4 -5 -4 -4 -4 -5 -5 -4 -4 -5 -4 -5 -5 -4 -5 -5 -5 -4 -4 -5 -4 -5 -5 -5 -4 -4 -4 -4 -4 -5 -5 -4 -5 -5 -4 -4 -4 -4 -5 -4 -4 -4 -5 -4 -4 -5 -4 -5 -4 -4 -4 -5 -4 -4 -4 -4 -4 -5 -5 -4 -4 -4 -4 -5 -4 -4 -5 
-5 -4 -5 -5 -5 -4 -4 -4 -5 -5 -5 -5 -4 -5 -5 -4 -4 -5 -4 -4 -5 -5 -5 -5 -4 -4 -5 -5 -5 -5 -5 -5 -4 -5 -5 -5 -4 -5 -4 -5 -5 -4 -5 -5 -5 -5 -4 -5 -5 -5 -5 -5 -4 -4 -5 -4 -4 -5 -5 -4 -5 -5 -4 -4 -4 -4 -5 -4 -4 -4 -5 -5 -5 -5 -4 -5 -4 -5 -4 -5 -4 -5 -4 -4 -5 -5 -5 -4 -4 -4 -4 -5 -4 -4 -5 
-5 -5 -6 -5 -6 -5 -5 -5 -5 -5 -6 -5 -5 -5 -6 -5 -5 -6 -5 -5 -5 -5 -5 -5 -5 -5 -5 -5 -5 -5 -5 -5 -5 -6 -6 -5 -5 -5 -5 -6 -5 -5 -6 -5 -5 -5 -5 -5 -5 -5 -5 -5 -5 -5 -5 -5 -5 -5 -5 -5 -6 -6 -5 -5 -5 -5 -6 -5 -5 -5 -5 -5 -5 -5 -5 -5 -5 -5 -5 -5 -5 -5 -5 -5 -5 -6 -5 -5 -5 -5 -5 -6 -5 -5 -5 
-5 -5 -5 -5 -5 -4 -4 -4 -5 -5 -5 -5 -5 -5 -5 -5 -5 -5 -5 -4 -5 -5 -5 -5 -4 -5 -5 -5 -5 -5 -5 -5 -5 -5 -5 -5 -5 -5 -4 -5 -5 -4 -5 -5 -5 -5 -5 -5 -5 -5 -5 -5 -4 -5 -5 -4 -4 -5 -5 -5 -5 -5 -5 -5 -4 -5 -5 -5 -4 -5 -5 -5 -5 -5 -4 -5 -5 -5 -4 -5 -4 -5 -4 -4 -5 -5 -5 -5 -4 -5 -5 -5 -4 -4 -5 
-5 -5 -5 -5 -5 -5 -4 -5 -5 -5 -5 -5 -5 -5 -5 -5 -5 -5 -5 -5 -5 -5 -5 -5 -5 -5 -5 -5 -5 -5 -5 -5 -5 -5 -5 -5 -5 -5 -5 -5 -5 -4 -5 -5 -5 -5 -5 -5 -5 -5 -5 -5 -4 -5 -5 -5 -5 -5 -5 -5 -5 -5 -5 -5 -5 -5 -5 -5 -4 -5 -5 -5 -5 -5 -5 -5 -5 -5 -5 -5 -4 -5 -5 -4 -5 -5 -5 -5 -5 -5 -5 -5 -5 -4 -5 
-5 -5 -6 -5 -6 -5 -5 -5 -5 -5 -6 -5 -5 -5 -6 -5 -5 -6 -5 -5 -6 -6 -5 -5 -5 -5 -5 -6 -5 -5 -5 -5 -5 -6 -6 -5 -5 -5 -5 -6 -5 -5 -6 -6 -5 -5 -5 -6 -5 -5 -5 -6 -5 -5 -5 -5 -5 -6 -5 -5 -6 -6 -5 -5 -5 -5 -6 -5 -5 -5 -5 -5 -5 -6 -5 -5 -5 -5 -5 -5 -5 -5 -5 -5 -5 -6 -6 -5 -5 -5 -5 -6 -5 -5 -6 
-5 -4 -5 -5 -5 -4 -4 -4 -5 -5 -5 -4 -4 -5 -5 -4 -4 -5 -4 -4 -5 -5 -4 -5 -4 -4 -5 -5 -5 -5 -5 -4 -4 -5 -5 -4 -4 -5 -4 -5 -5 -4 -5 -5 -5 -4 -4 -5 -4 -5 -5 -5 -4 -4 -4 -4 -4 -5 -5 -4 -5 -5 -4 -4 -4 -4 -5 -4 -4 -4 -5 -4 -5 -5 -4 -5 -4 -4 -4 -5 -4 -5 -4 -4 -5 -5 -5 -4 -4 -4 -4 -5 -4 -4 -5 
-5 -5 -6 -5 -6 -5 -5 -5 -5 -5 -6 -5 -5 -5 -6 -5 -5 -6 -5 -5 -5 -6 -5 -5 -5 -5 -5 -5 -5 -5 -5 -5 -5 -6 -6 -5 -5 -5 -5 -6 -5 -5 -6 -5 -5 -5 -5 -5 -5 -5 -5 -5 -5 -5 -5 -5 -5 -6 -5 -5 -6 -6 -5 -5 -5 -5 -6 -5 -5 -5 -5 -5 -5 -5 -5 -5 -5 -5 -5 -5 -5 -5 -5 -5 -5 -6 -6 -5 -5 -5 -5 -6 -5 -5 -5 
-5 -4 -5 -5 -5 -4 -4 -4 -5 -5 -5 -5 -4 -5 -5 -4 -4 -5 -4 -4 -5 -5 -5 -5 -4 -4 -5 -5 -5 -5 -5 -5 -4 -5 -5 -5 -4 -5 -4 -5 -5 -4 -5 -5 -5 -5 -4 -5 -5 -5 -5 -5 -4 -4 -5 -4 -4 -5 -5 -4 -5 -5 -4 -4 -4 -4 -5 -4 -4 -4 -5 -5 -5 -5 -4 -5 -4 -5 -4 -5 -4 -5 -4 -4 -5 -5 -5 -5 -4 -4 -4 -5 -4 -4 -5 
-5 -5 -5 -5 -5 -4 -4 -4 -5 -5 -5 -5 -5 -5 -5 -5 -5 -5 -5 -4 -5 -5 -5 -5 -4 -5 -5 -5 -5 -5 -5 -5 -5 -5 -5 -5 -5 -5 -5 -5 -5 -4 -5 -5 -5 -5 -5 -5 -5 -5 -5 -5 -4 -5 -5 -5 -4 -5 -5 -5 -5 -5 -5 -5 -4 -5 -5 -5 -4 -5 -5 -5 -5 -5 -4 -5 -5 -5 -5 -5 -4 -5 -4 -4 -5 -5 -5 -5 -5 -5 -5 -5 -5 -4 -5 
-5 -4 -5 -5 -5 -4 -4 -4 -5 -5 -5 -5 -4 -5 -5 -4 -4 -5 -4 -4 -5 -5 -4 -5 -4 -4 -5 -5 -5 -5 -5 -5 -4 -5 -5 -5 -4 -5 -4 -5 -5 -4 -5 -5 -5 -5 -4 -5 -4 -5 -5 -5 -4 -4 -4 -4 -4 -5 -5 -4 -5 -5 -4 -4 -4 -4 -5 -4 -4 -4 -5 -4 -5 -5 -4 -5 -4 -5 -4 -5 -4 -5 -4 -4 -5 -5 -5 -4 -4 -4 -4 -5 -4 -4 -5 
-5 -5 -5 -5 -5 -5 -5 -5 -5 -5 -5 -5 -5 -5 -5 -5 -5 -5 -5 -5 -5 -5 -5 -5 -5 -5 -5 -5 -5 -5 -5 -5 -5 -5 -5 -5 -5 -5 -5 -5 -5 -4 -5 -5 -5 -5 -5 -5 -5 -5 -5 -5 -5 -5 -5 -5 -5 -5 -5 -5 -5 -5 -5 -5 -5 -5 -5 -5 -5 -5 -5 -5 -5 -5 -5 -5 -5 -5 -5 -5 -5 -5 -5 -5 -5 -5 -5 -5 -5 -5 -5 -5 -5 -4 -5 
-5 -4 -5 -5 -5 -4 -4 -4 -5 -4 -5 -4 -4 -4 -5 -4 -4 -5 -4 -4 -5 -5 -4 -5 -4 -4 -5 -5 -5 -5 -4 -4 -4 -5 -5 -4 -4 -5 -4 -5 -5 -4 -5 -5 -5 -4 -4 -5 -4 -5 -5 -5 -4 -4 -4 -4 -4 -5 -5 -4 -5 -5 -4 -4 -4 -4 -5 -4 -4 -4 -5 -4 -4 -5 -4 -5 -4 -4 -4 -5 -4 -4 -4 -4 -4 -5 -5 -4 -4 -4 -4 -5 -4 -4 -5 
-5 -5 -5 -5 -5 -5 -4 -5 -5 -5 -5 -5 -5 -5 -5 -5 -5 -5 -5 -5 -5 -5 -5 -5 -5 -5 -5 -5 -5 -5 -5 -5 -5 -5 -5 -5 -5 -5 -5 -5 -5 -4 -5 -5 -5 -5 -5 -5 -5 -5 -5 -5 -5 -5 -5 -5 -5 -5 -5 -5 -5 -5 -5 -5 -5 -5 -5 -5 -4 -5 -5 -5 -5 -5 -5 -5 -5 -5 -5 -5 -4 -5 -5 -4 -5 -5 -5 -5 -5 -5 -5 -5 -5 -4 -5 
-5 -4 -5 -5 -5 -4 -4 -4 -5 -5 -5 -4 -4 -5 -5 -4 -4 -5 -4 -4 -5 -5 -4 -5 -4 -4 -5 -5 -5 -5 -5 -4 -4 -5 -5 -4 -4 -5 -4 -5 -5 -4 -5 -5 -5 -4 -4 -5 -4 -5 -5 -5 -4 -4 -4 -4 -4 -5 -5 -4 -5 -5 -4 -4 -4 -4 -5 -4 -4 -4 -5 -4 -5 -5 -4 -5 -4 -4 -4 -5 -4 -5 -4 -4 -5 -5 -5 -4 -4 -4 -4 -5 -4 -4 -5 
-5 -4 -5 -5 -5 -4 -4 -4 -5 -4 -5 -4 -4 -4 -5 -4 -4 -5 -4 -4 -5 -5 -4 -5 -4 -4 -5 -5 -5 -5 -4 -4 -4 -5 -5 -4 -4 -5 -4 -5 -5 -4 -5 -5 -5 -4 -4 -5 -4 -5 -5 -5 -4 -4 -4 -4 -4 -5 -5 -4 -5 -5 -4 -4 -4 -4 -5 -4 -4 -4 -5 -4 -4 -5 -4 -5 -4 -4 -4 -5 -4 -4 -4 -4 -4 -5 -5 -4 -4 -4 -4 -5 -4 -4 -5 
-5 -5 -5 -5 -5 -5 -4 -5 -5 -5 -5 -5 -5 -5 -5 -5 -5 -5 -5 -5 -5 -5 -5 -5 -5 -5 -5 -5 -5 -5 -5 -5 -5 -5 -5 -5 -5 -5 -5 -5 -5 -4 -5 -5 -5 -5 -5 -5 -5 -5 -5 -5 -4 -5 -5 -5 -4 -5 -5 -5 -5 -5 -5 -5 -4 -5 -5 -5 -4 -5 -5 -5 -5 -5 -5 -5 -5 -5 -5 -5 -4 -5 -5 -4 -5 -5 -5 -5 -5 -5 -5 -5 -5 -4 -5 
-5 -5 -6 -5 -6 -5 -5 -5 -6 -5 -6 -5 -5 -5 -6 -5 -5 -6 -5 -5 -6 -6 -5 -5 -5 -5 -6 -6 -5 -6 -5 -5 -5 -6 -6 -5 -5 -5 -5 -6 -5 -5 -6 -6 -5 -5 -5 -6 -5 -5 -5 -6 -5 -5 -5 -5 -5 -6 -5 -5 -6 -6 -5 -5 -5 -5 -6 -5 -5 -5 -6 -5 -5 -6 -5 -6 -5 -5 -5 -5 -5 -5 -5 -5 -5 -6 -6 -5 -5 -5 -5 -6 -5 -5 -6 
-5 -5 -6 -5 -6 -5 -5 -5 -5 -5 -6 -5 -5 -5 -6 -5 -5 -6 -5 -5 -6 -6 -5 -5 -5 -5 -5 -6 -5 -5 -5 -5 -5 -6 -6 -5 -5 -5 -5 -6 -5 -5 -6 -6 -5 -5 -5 -6 -5 -5 -5 -6 -5 -5 -5 -5 -5 -6 -5 -5 -6 -6 -5 -5 -5 -5 -6 -5 -5 -5 -5 -5 -5 -6 -5 -6 -5 -5 -5 -5 -5 -5 -5 -5 -5 -6 -6 -5 -5 -5 -5 -6 -5 -5 -6 
-5 -5 -5 -5 -5 -4 -4 -4 -5 -5 -5 -5 -4 -5 -5 -5 -5 -5 -5 -4 -5 -5 -5 -5 -4 -5 -5 -5 -5 -5 -5 -5 -5 -5 -5 -5 -5 -5 -4 -5 -5 -4 -5 -5 -5 -5 -4 -5 -5 -5 -5 -5 -4 -4 -5 -4 -4 -5 -5 -5 -5 -5 -5 -5 -4 -5 -5 -5 -4 -4 -5 -5 -5 -5 -4 -5 -5 -5 -4 -5 -4 -5 -4 -4 -5 -5 -5 -5 -4 -4 -4 -5 -4 -4 -5 
-5 -4 -5 -5 -5 -4 -4 -4 -5 -5 -5 -4 -4 -5 -5 -4 -4 -5 -4 -4 -5 -5 -4 -5 -4 -4 -5 -5 -5 -5 -5 -4 -4 -5 -5 -5 -4 -5 -4 -5 -5 -4 -5 -5 -5 -4 -4 -5 -4 -5 -5 -5 -4 -4 -4 -4 -4 -5 -5 -4 -5 -5 -4 -4 -4 -4 -5 -4 -4 -4 -5 -4 -5 -5 -4 -5 -4 -5 -4 -5 -4 -5 -4 -4 -5 -5 -5 -4 -4 -4 -4 -5 -4 -4 -5 
-5 -4 -5 -5 -5 -4 -4 -4 -5 -5 -5 -5 -4 -5 -5 -4 -4 -5 -4 -4 -5 -5 -4 -5 -4 -4 -5 -5 -5 -5 -5 -5 -4 -5 -5 -5 -4 -5 -4 -5 -5 -4 -5 -5 -5 -5 -4 -5 -4 -5 -5 -5 -4 -4 -4 -4 -4 -5 -5 -4 -5 -5 -4 -4 -4 -4 -5 -4 -4 -4 -5 -5 -5 -5 -4 -5 -4 -5 -4 -5 -4 -5 -4 -4 -5 -5 -5 -4 -4 -4 -4 -5 -4 -4 -5 
-5 -4 -5 -5 -5 -4 -4 -4 -5 -5 -5 -5 -4 -5 -5 -4 -4 -5 -4 -4 -5 -5 -4 -5 -4 -4 -5 -5 -5 -5 -5 -5 -4 -5 -5 -5 -4 -5 -4 -5 -5 -4 -5 -5 -5 -5 -4 -5 -4 -5 -5 -5 -4 -4 -4 -4 -4 -5 -5 -4 -5 -5 -4 -4 -4 -4 -5 -4 -4 -4 -5 -5 -5 -5 -4 -5 -4 -5 -4 -5 -4 -5 -4 -4 -5 -5 -5 -4 -4 -4 -4 -5 -4 -4 -5 
-5 -5 -6 -5 -6 -5 -5 -5 -6 -5 -6 -5 -5 -5 -6 -5 -5 -6 -5 -5 -6 -6 -5 -6 -5 -5 -6 -6 -5 -6 -5 -5 -5 -6 -6 -5 -5 -5 -5 -6 -6 -5 -6 -6 -6 -5 -5 -6 -5 -6 -6 -6 -5 -5 -5 -5 -5 -6 -5 -5 -6 -6 -5 -5 -5 -5 -6 -5 -5 -5 -6 -5 -5 -6 -5 -6 -5 -5 -5 -5 -5 -5 -5 -5 -5 -6 -6 -5 -5 -5 -5 -6 -5 -5 -6 
-5 -4 -5 -5 -5 -4 -4 -4 -5 -5 -5 -4 -4 -5 -5 -4 -4 -5 -4 -4 -5 -5 -4 -5 -4 -4 -5 -5 -5 -5 -5 -5 -4 -5 -5 -5 -4 -5 -4 -5 -5 -4 -5 -5 -5 -5 -4 -5 -4 -5 -5 -5 -4 -4 -4 -4 -4 -5 -5 -4 -5 -5 -4 -4 -4 -4 -5 -4 -4 -4 -5 -4 -5 -5 -4 -5 -4 -5 -4 -5 -4 -5 -4 -4 -5 -5 -5 -4 -4 -4 -4 -5 -4 -4 -5 
-5 -4 -5 -4 -5 -4 -4 -4 -5 -4 -5 -4 -4 -4 -5 -4 -4 -5 -4 -4 -5 -5 -4 -5 -4 -4 -5 -5 -4 -5 -4 -4 -4 -5 -5 -4 -4 -4 -4 -5 -5 -4 -5 -5 -5 -4 -4 -5 -4 -5 -5 -5 -4 -4 -4 -4 -4 -5 -4 -4 -5 -5 -4 -4 -4 -4 -5 -4 -4 -4 -5 -4 -4 -5 -4 -5 -4 -4 -4 -4 -4 -4 -4 -4 -4 -5 -5 -4 -4 -4 -4 -5 -4 -4 -5 
-5 -5 -6 -5 -6 -5 -5 -5 -5 -5 -6 -5 -5 -5 -6 -5 -5 -6 -5 -5 -6 -6 -5 -5 -5 -5 -5 -6 -5 -5 -5 -5 -5 -6 -6 -5 -5 -5 -5 -6 -5 -5 -6 -6 -5 -5 -5 -6 -5 -5 -5 -6 -5 -5 -5 -5 -5 -6 -5 -5 -6 -6 -5 -5 -5 -5 -6 -5 -5 -5 -5 -5 -5 -6 -5 -5 -5 -5 -5 -5 -5 -5 -5 -5 -5 -6 -6 -5 -5 -5 -5 -6 -5 -5 -6 
