./FontKingthings16.png
95
 
!
"
#
$
%
&
'
(
)
*
+
,
-
.
/
0
1
2
3
4
5
6
7
8
9
:
;
<
=
>
?
@
A
B
C
D
E
F
G
H
I
J
K
L
M
N
O
P
Q
R
S
T
U
V
W
X
Y
Z
[
\
]
^
_
`
a
b
c
d
e
f
g
h
i
j
k
l
m
n
o
p
q
r
s
t
u
v
w
x
y
z
{
|
}
~
7
11
12
17
17
16
20
10
12
12
12
16
10
16
10
13
16
12
14
15
17
14
16
14
15
16
11
10
12
15
12
16
21
20
18
17
19
17
16
18
20
13
18
19
16
22
20
19
18
19
19
17
18
19
19
24
18
17
17
13
12
14
18
18
12
16
15
14
17
15
14
16
16
12
12
15
11
21
16
16
17
16
15
15
14
17
17
21
16
16
15
12
13
12
20
-7 -3 -3 -3 -3 -3 -3 -3 -3 -3 -3 -3 -3 -3 -3 -3 -3 -3 -3 -3 -3 -3 -3 -3 -3 -3 -4 -3 -3 -3 -3 -3 -3 -3 -3 -3 -3 -3 -3 -3 -3 -3 -3 -4 -4 -3 -4 -4 -3 -3 -3 -3 -3 -3 -3 -3 -3 -3 -3 -3 -3 -4 -3 -3 -3 -3 -3 -3 -3 -3 -3 -3 -3 -3 -4 -3 -3 -3 -3 -3 -3 -3 -3 -3 -3 -3 -3 -3 -3 -3 -3 -3 -3 -3 -3 
-7 -7 -7 -7 -7 -7 -7 -7 -7 -7 -7 -7 -7 -7 -7 -7 -7 -7 -7 -7 -7 -8 -7 -7 -7 -7 -8 -7 -7 -7 -7 -7 -7 -7 -7 -7 -7 -7 -7 -7 -7 -7 -7 -8 -8 -7 -8 -8 -8 -7 -7 -7 -7 -7 -7 -7 -7 -7 -7 -7 -7 -8 -8 -7 -7 -7 -7 -7 -8 -8 -7 -7 -7 -7 -8 -7 -7 -7 -7 -8 -8 -7 -7 -7 -7 -7 -7 -7 -7 -7 -7 -7 -7 -7 -7 
-7 -7 -8 -7 -8 -7 -8 -8 -7 -7 -8 -8 -8 -8 -7 -8 -8 -8 -7 -8 -8 -8 -8 -8 -8 -7 -8 -7 -7 -7 -7 -8 -8 -8 -7 -7 -7 -7 -7 -7 -7 -7 -7 -8 -8 -7 -8 -8 -8 -8 -8 -8 -7 -7 -7 -7 -7 -8 -7 -8 -8 -8 -8 -8 -8 -8 -7 -7 -8 -8 -8 -8 -8 -8 -8 -7 -7 -8 -7 -8 -8 -8 -8 -8 -7 -8 -8 -8 -7 -7 -8 -8 -7 -8 -7 
-7 -7 -7 -7 -7 -7 -7 -7 -7 -7 -7 -7 -7 -8 -7 -7 -7 -7 -7 -7 -7 -8 -7 -7 -7 -7 -8 -7 -7 -7 -7 -7 -7 -7 -7 -7 -7 -7 -7 -7 -7 -7 -7 -8 -8 -7 -8 -8 -8 -8 -8 -7 -7 -7 -7 -7 -7 -7 -7 -7 -7 -8 -8 -7 -8 -7 -7 -7 -8 -8 -7 -7 -8 -7 -8 -7 -7 -8 -7 -8 -8 -8 -7 -7 -7 -7 -7 -7 -7 -7 -8 -7 -7 -7 -7 
-7 -7 -8 -7 -8 -7 -8 -8 -8 -7 -8 -8 -8 -8 -7 -8 -8 -8 -7 -8 -8 -8 -8 -8 -8 -8 -8 -7 -7 -7 -7 -8 -8 -8 -7 -7 -7 -8 -7 -7 -7 -7 -7 -8 -8 -7 -8 -8 -8 -8 -8 -8 -8 -7 -8 -7 -8 -8 -7 -8 -8 -8 -8 -8 -8 -8 -8 -7 -8 -8 -8 -8 -8 -8 -8 -7 -7 -8 -7 -8 -8 -8 -8 -8 -8 -8 -8 -8 -7 -7 -8 -8 -8 -8 -8 
-7 -7 -7 -7 -7 -7 -7 -7 -7 -7 -7 -7 -7 -7 -7 -7 -7 -7 -7 -7 -7 -7 -7 -7 -7 -7 -7 -7 -7 -7 -7 -7 -7 -7 -7 -7 -7 -7 -7 -7 -7 -7 -7 -7 -7 -7 -7 -7 -7 -7 -7 -7 -7 -7 -7 -7 -7 -7 -7 -7 -7 -7 -7 -7 -7 -7 -7 -7 -7 -7 -7 -7 -7 -7 -7 -7 -7 -7 -7 -7 -7 -7 -7 -7 -7 -7 -7 -7 -7 -7 -7 -7 -7 -7 -7 
-7 -7 -8 -7 -8 -7 -8 -8 -8 -7 -8 -8 -8 -8 -7 -8 -8 -8 -7 -8 -8 -8 -8 -8 -8 -7 -8 -7 -7 -7 -7 -8 -8 -8 -7 -7 -7 -7 -7 -7 -7 -7 -7 -8 -8 -7 -8 -8 -8 -8 -8 -8 -7 -7 -7 -7 -8 -8 -7 -8 -8 -8 -8 -8 -8 -8 -7 -7 -8 -8 -8 -8 -8 -8 -8 -7 -7 -8 -7 -8 -8 -8 -8 -8 -8 -8 -8 -8 -7 -7 -8 -8 -8 -8 -8 
-7 -7 -8 -7 -8 -7 -8 -8 -7 -7 -8 -8 -8 -8 -7 -8 -8 -8 -7 -8 -8 -8 -8 -8 -8 -7 -8 -7 -7 -7 -7 -8 -8 -8 -7 -7 -7 -7 -7 -7 -7 -7 -7 -8 -8 -7 -8 -8 -8 -8 -8 -8 -7 -7 -7 -7 -7 -8 -7 -8 -8 -8 -8 -8 -8 -8 -7 -7 -8 -8 -8 -8 -8 -8 -8 -7 -7 -8 -7 -8 -8 -8 -8 -8 -7 -8 -8 -8 -7 -7 -8 -8 -7 -8 -7 
-7 -7 -7 -7 -8 -7 -8 -7 -7 -7 -7 -7 -8 -8 -7 -7 -7 -8 -7 -7 -7 -8 -7 -7 -8 -7 -8 -7 -7 -7 -7 -7 -7 -7 -7 -7 -7 -7 -7 -7 -7 -7 -7 -8 -8 -7 -8 -8 -8 -8 -8 -7 -7 -7 -7 -7 -7 -7 -7 -7 -7 -8 -8 -8 -8 -7 -7 -7 -8 -8 -8 -7 -8 -7 -8 -7 -7 -8 -7 -8 -8 -8 -8 -7 -7 -8 -7 -8 -7 -7 -8 -7 -7 -8 -7 
-7 -7 -7 -7 -7 -7 -7 -7 -7 -7 -7 -7 -7 -7 -7 -7 -7 -7 -7 -7 -7 -7 -7 -7 -7 -7 -8 -7 -7 -7 -7 -7 -7 -7 -7 -7 -7 -7 -7 -7 -7 -7 -7 -8 -8 -7 -8 -8 -7 -7 -7 -7 -7 -7 -7 -7 -7 -7 -7 -7 -7 -8 -7 -7 -7 -7 -7 -7 -7 -7 -7 -7 -7 -7 -8 -7 -7 -7 -7 -7 -7 -7 -7 -7 -7 -7 -7 -7 -7 -7 -7 -7 -7 -7 -7 
-7 -7 -8 -7 -8 -7 -8 -8 -7 -7 -8 -8 -8 -8 -7 -8 -7 -8 -7 -8 -8 -8 -8 -8 -8 -7 -8 -7 -7 -7 -7 -8 -8 -8 -7 -7 -7 -7 -7 -7 -7 -7 -7 -8 -8 -7 -8 -8 -8 -8 -8 -8 -7 -7 -7 -7 -7 -8 -7 -8 -8 -8 -8 -8 -8 -8 -7 -7 -8 -8 -8 -8 -8 -8 -8 -7 -7 -8 -7 -8 -8 -8 -8 -8 -7 -8 -8 -8 -7 -7 -8 -8 -7 -8 -7 
-7 -7 -8 -7 -8 -7 -8 -8 -7 -7 -8 -8 -8 -8 -7 -8 -8 -8 -7 -8 -8 -8 -8 -8 -8 -7 -8 -7 -7 -7 -7 -8 -8 -8 -7 -7 -7 -7 -7 -7 -7 -7 -7 -8 -8 -7 -8 -8 -8 -8 -8 -8 -7 -7 -7 -7 -7 -8 -7 -8 -8 -8 -8 -8 -8 -8 -7 -7 -8 -8 -8 -8 -8 -8 -8 -7 -7 -8 -7 -8 -8 -8 -8 -8 -7 -8 -8 -8 -7 -7 -8 -8 -7 -8 -7 
-7 -7 -8 -7 -8 -7 -8 -8 -8 -7 -8 -8 -8 -8 -7 -8 -8 -8 -7 -8 -8 -8 -8 -8 -8 -8 -8 -7 -7 -7 -7 -8 -8 -8 -7 -7 -7 -7 -7 -7 -7 -7 -7 -8 -8 -7 -8 -8 -8 -8 -8 -8 -8 -7 -7 -7 -8 -8 -7 -8 -8 -8 -8 -8 -8 -8 -7 -7 -8 -8 -8 -8 -8 -8 -8 -7 -7 -8 -7 -8 -8 -8 -8 -8 -8 -8 -8 -8 -7 -7 -8 -8 -8 -8 -8 
-7 -7 -8 -8 -8 -7 -8 -8 -8 -7 -8 -8 -8 -8 -8 -8 -8 -8 -7 -8 -8 -8 -8 -8 -8 -8 -8 -7 -7 -7 -7 -8 -8 -8 -7 -7 -7 -8 -7 -7 -7 -7 -7 -8 -8 -7 -8 -8 -8 -8 -8 -8 -8 -7 -8 -7 -8 -8 -8 -8 -8 -8 -8 -8 -8 -8 -8 -7 -8 -8 -8 -8 -8 -8 -8 -7 -7 -8 -7 -8 -8 -8 -8 -8 -8 -8 -8 -8 -7 -8 -8 -8 -8 -8 -8 
-7 -7 -7 -7 -7 -7 -7 -7 -7 -7 -7 -7 -7 -8 -7 -7 -7 -7 -7 -7 -7 -8 -7 -7 -7 -7 -8 -7 -7 -7 -7 -7 -7 -7 -7 -7 -7 -7 -7 -7 -7 -7 -7 -8 -8 -7 -8 -8 -8 -8 -7 -7 -7 -7 -7 -7 -7 -7 -7 -7 -7 -8 -8 -7 -8 -7 -7 -7 -8 -8 -7 -7 -8 -7 -8 -7 -7 -7 -7 -8 -8 -8 -7 -7 -7 -7 -7 -7 -7 -7 -8 -7 -7 -7 -7 
-7 -7 -8 -7 -8 -7 -8 -8 -7 -7 -8 -8 -8 -8 -7 -8 -8 -8 -7 -8 -8 -8 -8 -8 -8 -7 -8 -7 -7 -7 -7 -8 -8 -8 -7 -7 -7 -7 -7 -7 -7 -7 -7 -8 -8 -7 -8 -8 -8 -8 -8 -8 -7 -7 -7 -7 -8 -8 -7 -8 -8 -8 -8 -8 -8 -8 -7 -7 -8 -8 -8 -8 -8 -8 -8 -7 -7 -8 -7 -8 -8 -8 -8 -8 -8 -8 -8 -8 -7 -7 -8 -8 -8 -8 -8 
-7 -7 -8 -7 -8 -7 -8 -8 -7 -7 -7 -8 -8 -8 -7 -8 -7 -8 -7 -8 -8 -8 -7 -8 -8 -7 -8 -7 -7 -7 -7 -8 -8 -8 -7 -7 -7 -7 -7 -7 -7 -7 -7 -8 -8 -7 -8 -8 -8 -8 -8 -8 -7 -7 -7 -7 -7 -8 -7 -8 -8 -8 -8 -8 -8 -7 -7 -7 -8 -8 -8 -8 -8 -7 -8 -7 -7 -8 -7 -8 -8 -8 -8 -8 -7 -8 -8 -8 -7 -7 -8 -8 -7 -8 -7 
-7 -7 -8 -7 -8 -7 -8 -8 -8 -7 -8 -8 -8 -8 -7 -8 -8 -8 -7 -8 -8 -8 -8 -8 -8 -7 -8 -7 -7 -7 -7 -8 -8 -8 -7 -7 -7 -7 -7 -7 -7 -7 -7 -8 -8 -7 -8 -8 -8 -8 -8 -8 -7 -7 -7 -7 -8 -8 -7 -8 -8 -8 -8 -8 -8 -8 -7 -7 -8 -8 -8 -8 -8 -8 -8 -7 -7 -8 -7 -8 -8 -8 -8 -8 -8 -8 -8 -8 -7 -7 -8 -8 -8 -8 -8 
-7 -7 -7 -7 -7 -7 -7 -7 -7 -7 -7 -7 -7 -7 -7 -7 -7 -7 -7 -7 -7 -7 -7 -7 -7 -7 -8 -7 -7 -7 -7 -7 -7 -7 -7 -7 -7 -7 -7 -7 -7 -7 -7 -8 -8 -7 -8 -8 -7 -7 -7 -7 -7 -7 -7 -7 -7 -7 -7 -7 -7 -8 -7 -7 -7 -7 -7 -7 -7 -7 -7 -7 -7 -7 -8 -7 -7 -7 -7 -7 -8 -7 -7 -7 -7 -7 -7 -7 -7 -7 -7 -7 -7 -7 -7 
-7 -7 -8 -7 -8 -7 -8 -8 -7 -7 -8 -8 -8 -8 -7 -8 -8 -8 -7 -8 -8 -8 -8 -8 -8 -7 -8 -7 -7 -7 -7 -8 -8 -8 -7 -7 -7 -7 -7 -7 -7 -7 -7 -8 -8 -7 -8 -8 -8 -8 -8 -8 -7 -7 -7 -7 -7 -8 -7 -8 -8 -8 -8 -8 -8 -8 -7 -7 -8 -8 -8 -8 -8 -8 -8 -7 -7 -8 -7 -8 -8 -8 -8 -8 -8 -8 -8 -8 -7 -7 -8 -8 -8 -8 -7 
-7 -7 -8 -7 -8 -7 -8 -8 -7 -7 -8 -8 -8 -8 -7 -8 -8 -8 -7 -8 -8 -8 -8 -8 -8 -7 -8 -7 -7 -7 -7 -8 -8 -8 -7 -7 -7 -7 -7 -7 -7 -7 -7 -8 -8 -7 -8 -8 -8 -8 -8 -8 -7 -7 -7 -7 -7 -8 -7 -8 -8 -8 -8 -8 -8 -8 -7 -7 -8 -8 -8 -8 -8 -8 -8 -7 -7 -8 -7 -8 -8 -8 -8 -8 -8 -8 -8 -8 -7 -7 -8 -8 -8 -8 -8 
-7 -8 -8 -8 -8 -7 -8 -8 -8 -7 -8 -8 -8 -8 -8 -8 -8 -8 -7 -8 -8 -8 -8 -8 -8 -8 -8 -7 -7 -7 -7 -8 -8 -8 -8 -7 -7 -8 -8 -7 -8 -8 -7 -8 -8 -8 -8 -8 -8 -8 -8 -8 -8 -7 -8 -8 -8 -8 -8 -8 -8 -8 -8 -8 -8 -8 -8 -7 -8 -8 -8 -8 -8 -8 -8 -8 -8 -8 -8 -8 -8 -8 -8 -8 -8 -8 -8 -8 -8 -8 -8 -8 -8 -8 -8 
-7 -7 -8 -7 -8 -7 -8 -8 -7 -7 -8 -8 -8 -8 -7 -8 -7 -8 -7 -8 -8 -8 -8 -8 -8 -7 -8 -7 -7 -7 -7 -8 -8 -8 -7 -7 -7 -7 -7 -7 -7 -7 -7 -8 -8 -7 -8 -8 -8 -8 -8 -8 -7 -7 -7 -7 -7 -8 -7 -8 -8 -8 -8 -8 -8 -8 -7 -7 -8 -8 -8 -8 -8 -8 -8 -7 -7 -8 -7 -8 -8 -8 -8 -8 -7 -8 -8 -8 -7 -7 -8 -8 -7 -8 -7 
-7 -7 -8 -7 -8 -7 -8 -8 -7 -7 -8 -8 -8 -8 -7 -8 -8 -8 -7 -8 -8 -8 -8 -8 -8 -7 -8 -7 -7 -7 -7 -8 -8 -8 -7 -7 -7 -7 -7 -7 -7 -7 -7 -8 -8 -7 -8 -8 -8 -8 -8 -8 -7 -7 -7 -7 -7 -8 -7 -8 -8 -8 -8 -8 -8 -8 -7 -7 -8 -8 -8 -8 -8 -8 -8 -7 -7 -8 -7 -8 -8 -8 -8 -8 -8 -8 -8 -8 -7 -7 -8 -8 -8 -8 -8 
-7 -7 -8 -7 -8 -7 -8 -8 -8 -7 -8 -8 -8 -8 -7 -8 -8 -8 -7 -8 -8 -8 -8 -8 -8 -8 -8 -7 -7 -7 -7 -8 -8 -8 -7 -7 -7 -7 -7 -7 -7 -7 -7 -8 -8 -7 -8 -8 -8 -8 -8 -8 -8 -7 -7 -7 -8 -8 -7 -8 -8 -8 -8 -8 -8 -8 -7 -7 -8 -8 -8 -8 -8 -8 -8 -7 -7 -8 -7 -8 -8 -8 -8 -8 -8 -8 -8 -8 -7 -7 -8 -8 -8 -8 -8 
-7 -7 -7 -7 -8 -7 -7 -7 -7 -7 -7 -7 -8 -8 -7 -7 -7 -7 -7 -7 -7 -8 -7 -7 -8 -7 -8 -7 -7 -7 -7 -7 -7 -7 -7 -7 -7 -7 -7 -7 -7 -7 -7 -8 -8 -7 -8 -8 -8 -8 -8 -7 -7 -7 -7 -7 -7 -7 -7 -7 -7 -8 -8 -8 -8 -7 -7 -7 -8 -8 -8 -7 -8 -7 -8 -7 -7 -8 -7 -8 -8 -8 -8 -7 -7 -8 -7 -7 -7 -7 -8 -7 -7 -8 -7 
-7 -8 -8 -8 -8 -7 -8 -8 -8 -8 -8 -8 -8 -8 -8 -8 -8 -8 -8 -8 -8 -8 -8 -8 -8 -8 -8 -7 -8 -8 -8 -8 -8 -8 -8 -7 -8 -8 -8 -8 -8 -8 -8 -8 -8 -8 -8 -8 -8 -8 -8 -8 -8 -7 -8 -8 -8 -8 -8 -8 -8 -8 -8 -8 -8 -8 -8 -8 -8 -8 -8 -8 -8 -8 -8 -8 -8 -8 -8 -8 -8 -8 -8 -8 -8 -8 -8 -8 -8 -8 -8 -8 -8 -8 -8 
-7 -7 -7 -7 -7 -7 -7 -7 -7 -7 -7 -7 -7 -7 -7 -7 -7 -7 -7 -7 -7 -7 -7 -7 -7 -7 -7 -7 -7 -7 -7 -7 -7 -7 -7 -7 -7 -7 -7 -7 -7 -7 -7 -7 -8 -7 -8 -7 -7 -7 -7 -7 -7 -7 -7 -7 -7 -7 -7 -7 -7 -8 -7 -7 -7 -7 -7 -7 -7 -7 -7 -7 -7 -7 -7 -7 -7 -7 -7 -7 -7 -7 -7 -7 -7 -7 -7 -7 -7 -7 -7 -7 -7 -7 -7 
-7 -7 -7 -7 -7 -7 -7 -7 -7 -7 -7 -7 -7 -7 -7 -7 -7 -7 -7 -7 -7 -7 -7 -7 -7 -7 -8 -7 -7 -7 -7 -7 -7 -7 -7 -7 -7 -7 -7 -7 -7 -7 -7 -8 -8 -7 -8 -8 -7 -7 -7 -7 -7 -7 -7 -7 -7 -7 -7 -7 -7 -8 -7 -7 -7 -7 -7 -7 -7 -7 -7 -7 -7 -7 -8 -7 -7 -7 -7 -7 -8 -7 -7 -7 -7 -7 -7 -7 -7 -7 -7 -7 -7 -7 -7 
-7 -7 -7 -7 -7 -7 -7 -7 -7 -7 -7 -7 -7 -7 -7 -7 -7 -7 -7 -7 -7 -7 -7 -7 -7 -7 -8 -7 -7 -7 -7 -7 -7 -7 -7 -7 -7 -7 -7 -7 -7 -7 -7 -7 -8 -7 -8 -7 -7 -7 -7 -7 -7 -7 -7 -7 -7 -7 -7 -7 -7 -8 -7 -7 -7 -7 -7 -7 -7 -7 -7 -7 -7 -7 -7 -7 -7 -7 -7 -7 -7 -7 -7 -7 -7 -7 -7 -7 -7 -7 -7 -7 -7 -7 -7 
-7 -7 -7 -7 -7 -7 -7 -7 -7 -7 -7 -7 -7 -7 -7 -7 -7 -7 -7 -7 -7 -7 -7 -7 -7 -7 -8 -7 -7 -7 -7 -7 -7 -7 -7 -7 -7 -7 -7 -7 -7 -7 -7 -7 -8 -7 -8 -7 -7 -7 -7 -7 -7 -7 -7 -7 -7 -7 -7 -7 -7 -8 -7 -7 -7 -7 -7 -7 -7 -7 -7 -7 -7 -7 -7 -7 -7 -7 -7 -7 -7 -7 -7 -7 -7 -7 -7 -7 -7 -7 -7 -7 -7 -7 -7 
-7 -7 -8 -7 -8 -7 -8 -8 -7 -7 -8 -8 -8 -8 -7 -8 -8 -8 -7 -8 -8 -8 -8 -8 -8 -7 -8 -7 -7 -7 -7 -8 -8 -8 -7 -7 -7 -7 -7 -7 -7 -7 -7 -8 -8 -7 -8 -8 -8 -8 -8 -8 -7 -7 -7 -7 -7 -8 -7 -8 -8 -8 -8 -8 -8 -8 -7 -7 -8 -8 -8 -8 -8 -8 -8 -7 -7 -8 -7 -8 -8 -8 -8 -8 -8 -8 -8 -8 -7 -7 -8 -8 -8 -8 -7 
-7 -7 -8 -7 -8 -7 -8 -8 -7 -7 -8 -8 -8 -8 -7 -8 -8 -8 -7 -8 -8 -8 -8 -8 -8 -7 -8 -7 -7 -7 -7 -8 -8 -8 -7 -7 -7 -7 -7 -7 -7 -7 -7 -8 -8 -7 -8 -8 -8 -8 -8 -8 -7 -7 -7 -7 -7 -8 -7 -8 -8 -8 -8 -8 -8 -8 -7 -7 -8 -8 -8 -8 -8 -8 -8 -7 -7 -8 -7 -8 -8 -8 -8 -8 -7 -8 -8 -8 -7 -7 -8 -8 -7 -8 -7 
-7 -7 -8 -7 -8 -7 -8 -8 -7 -7 -8 -8 -8 -8 -7 -8 -8 -8 -7 -8 -8 -8 -8 -8 -8 -7 -8 -7 -7 -7 -7 -8 -8 -8 -7 -7 -7 -7 -7 -7 -7 -7 -7 -8 -8 -7 -8 -8 -8 -8 -8 -8 -7 -7 -7 -7 -7 -8 -7 -8 -8 -8 -8 -8 -8 -8 -7 -7 -8 -8 -8 -8 -8 -8 -8 -7 -7 -8 -7 -8 -8 -8 -8 -8 -8 -8 -8 -8 -7 -7 -8 -8 -8 -8 -7 
-7 -7 -7 -7 -7 -7 -7 -7 -7 -7 -7 -7 -7 -7 -7 -7 -7 -7 -7 -7 -7 -8 -7 -7 -7 -7 -8 -7 -7 -7 -7 -7 -7 -7 -7 -7 -7 -7 -7 -7 -7 -7 -7 -8 -8 -7 -8 -8 -8 -7 -7 -7 -7 -7 -7 -7 -7 -7 -7 -7 -7 -8 -7 -7 -7 -7 -7 -7 -8 -7 -7 -7 -7 -7 -8 -7 -7 -7 -7 -7 -8 -7 -7 -7 -7 -7 -7 -7 -7 -7 -7 -7 -7 -7 -7 
-7 -7 -7 -7 -7 -7 -7 -7 -7 -7 -7 -7 -7 -7 -7 -7 -7 -7 -7 -7 -7 -7 -7 -7 -7 -7 -7 -7 -7 -7 -7 -7 -7 -7 -7 -7 -7 -7 -7 -7 -7 -7 -7 -7 -8 -7 -8 -7 -7 -7 -7 -7 -7 -7 -7 -7 -7 -7 -7 -7 -7 -8 -7 -7 -7 -7 -7 -7 -7 -7 -7 -7 -7 -7 -7 -7 -7 -7 -7 -7 -7 -7 -7 -7 -7 -7 -7 -7 -7 -7 -7 -7 -7 -7 -7 
-7 -7 -7 -7 -7 -7 -7 -7 -7 -7 -7 -7 -7 -7 -7 -7 -7 -7 -7 -7 -7 -7 -7 -7 -7 -7 -8 -7 -7 -7 -7 -7 -7 -7 -7 -7 -7 -7 -7 -7 -7 -7 -7 -8 -8 -7 -8 -8 -8 -7 -7 -7 -7 -7 -7 -7 -7 -7 -7 -7 -7 -8 -7 -7 -7 -7 -7 -7 -7 -7 -7 -7 -7 -7 -8 -7 -7 -7 -7 -7 -8 -7 -7 -7 -7 -7 -7 -7 -7 -7 -7 -7 -7 -7 -7 
-7 -7 -7 -7 -8 -7 -7 -7 -7 -7 -7 -7 -7 -8 -7 -7 -7 -7 -7 -7 -7 -8 -7 -7 -7 -7 -8 -7 -7 -7 -7 -7 -7 -7 -7 -7 -7 -7 -7 -7 -7 -7 -7 -8 -8 -7 -8 -8 -8 -8 -8 -7 -7 -7 -7 -7 -7 -7 -7 -7 -7 -8 -8 -7 -8 -7 -7 -7 -8 -8 -8 -7 -8 -7 -8 -7 -7 -8 -7 -8 -8 -8 -7 -7 -7 -8 -7 -7 -7 -7 -8 -7 -7 -7 -7 
-7 -7 -7 -7 -7 -7 -7 -7 -7 -7 -7 -7 -7 -7 -7 -7 -7 -7 -7 -7 -7 -8 -7 -7 -7 -7 -8 -7 -7 -7 -7 -7 -7 -7 -7 -7 -7 -7 -7 -7 -7 -7 -7 -8 -8 -7 -8 -8 -8 -7 -7 -7 -7 -7 -7 -7 -7 -7 -7 -7 -7 -8 -8 -7 -7 -7 -7 -7 -8 -8 -7 -7 -7 -7 -8 -7 -7 -7 -7 -8 -8 -8 -7 -7 -7 -7 -7 -7 -7 -7 -8 -7 -7 -7 -7 
-7 -7 -7 -7 -7 -7 -7 -7 -7 -7 -7 -7 -7 -7 -7 -7 -7 -7 -7 -7 -7 -7 -7 -7 -7 -7 -8 -7 -7 -7 -7 -7 -7 -7 -7 -7 -7 -7 -7 -7 -7 -7 -7 -7 -8 -7 -8 -8 -7 -7 -7 -7 -7 -7 -7 -7 -7 -7 -7 -7 -7 -8 -7 -7 -7 -7 -7 -7 -7 -7 -7 -7 -7 -7 -7 -7 -7 -7 -7 -7 -7 -7 -7 -7 -7 -7 -7 -7 -7 -7 -7 -7 -7 -7 -7 
-7 -7 -7 -7 -7 -7 -7 -7 -7 -7 -7 -7 -7 -7 -7 -7 -7 -7 -7 -7 -7 -8 -7 -7 -7 -7 -8 -7 -7 -7 -7 -7 -7 -7 -7 -7 -7 -7 -7 -7 -7 -7 -7 -8 -8 -7 -8 -8 -8 -7 -7 -7 -7 -7 -7 -7 -7 -7 -7 -7 -7 -8 -8 -7 -7 -7 -7 -7 -8 -8 -7 -7 -7 -7 -8 -7 -7 -7 -7 -8 -8 -8 -7 -7 -7 -7 -7 -7 -7 -7 -8 -7 -7 -7 -7 
-7 -7 -7 -7 -7 -7 -7 -7 -7 -7 -7 -7 -7 -7 -7 -7 -7 -7 -7 -7 -7 -8 -7 -7 -7 -7 -8 -7 -7 -7 -7 -7 -7 -7 -7 -7 -7 -7 -7 -7 -7 -7 -7 -8 -8 -7 -8 -8 -8 -7 -7 -7 -7 -7 -7 -7 -7 -7 -7 -7 -7 -8 -7 -7 -7 -7 -7 -7 -8 -7 -7 -7 -7 -7 -8 -7 -7 -7 -7 -7 -8 -7 -7 -7 -7 -7 -7 -7 -7 -7 -7 -7 -7 -7 -7 
-7 -7 -7 -7 -7 -7 -7 -7 -7 -7 -7 -7 -7 -7 -7 -7 -7 -7 -7 -7 -7 -7 -7 -7 -7 -7 -8 -7 -7 -7 -7 -7 -7 -7 -7 -7 -7 -7 -7 -7 -7 -7 -7 -8 -8 -7 -8 -8 -8 -7 -7 -7 -7 -7 -7 -7 -7 -7 -7 -7 -7 -8 -7 -7 -7 -7 -7 -7 -7 -7 -7 -7 -7 -7 -8 -7 -7 -7 -7 -7 -8 -7 -7 -7 -7 -7 -7 -7 -7 -7 -7 -7 -7 -7 -7 
-7 -8 -8 -8 -8 -7 -8 -8 -8 -8 -8 -8 -8 -8 -8 -8 -8 -8 -8 -8 -8 -8 -8 -8 -8 -8 -8 -7 -8 -7 -7 -8 -8 -8 -8 -7 -8 -8 -8 -7 -8 -8 -8 -8 -8 -8 -8 -8 -8 -8 -8 -8 -8 -7 -8 -8 -8 -8 -8 -8 -8 -8 -8 -8 -8 -8 -8 -8 -8 -8 -8 -8 -8 -8 -8 -8 -8 -8 -8 -8 -8 -8 -8 -8 -8 -8 -8 -8 -8 -8 -8 -8 -8 -8 -8 
-7 -8 -8 -8 -8 -7 -8 -8 -8 -8 -8 -8 -8 -8 -8 -8 -8 -8 -8 -8 -8 -8 -8 -8 -8 -8 -8 -8 -8 -8 -8 -8 -8 -8 -8 -8 -8 -8 -8 -8 -8 -8 -8 -8 -8 -8 -8 -8 -8 -8 -8 -8 -8 -8 -8 -8 -8 -8 -8 -8 -8 -8 -8 -8 -8 -8 -8 -8 -8 -8 -8 -8 -8 -8 -8 -8 -8 -8 -8 -8 -8 -8 -8 -8 -8 -8 -8 -8 -8 -8 -8 -8 -8 -8 -8 
-7 -7 -7 -7 -7 -7 -7 -7 -7 -7 -7 -7 -7 -7 -7 -7 -7 -7 -7 -7 -7 -8 -7 -7 -7 -7 -8 -7 -7 -7 -7 -7 -7 -7 -7 -7 -7 -7 -7 -7 -7 -7 -7 -8 -8 -7 -8 -8 -8 -7 -7 -7 -7 -7 -7 -7 -7 -7 -7 -7 -7 -8 -8 -7 -7 -7 -7 -7 -8 -8 -7 -7 -7 -7 -8 -7 -7 -7 -7 -8 -8 -7 -7 -7 -7 -7 -7 -7 -7 -7 -7 -7 -7 -7 -7 
-7 -8 -8 -8 -8 -7 -8 -8 -8 -8 -8 -8 -8 -8 -8 -8 -8 -8 -8 -8 -8 -8 -8 -8 -8 -8 -8 -8 -8 -8 -8 -8 -8 -8 -8 -8 -8 -8 -8 -8 -8 -8 -8 -8 -8 -8 -8 -8 -8 -8 -8 -8 -8 -7 -8 -8 -8 -8 -8 -8 -8 -8 -8 -8 -8 -8 -8 -8 -8 -8 -8 -8 -8 -8 -8 -8 -8 -8 -8 -8 -8 -8 -8 -8 -8 -8 -8 -8 -8 -8 -8 -8 -8 -8 -8 
-7 -8 -8 -8 -8 -7 -8 -8 -8 -8 -8 -8 -8 -8 -8 -8 -8 -8 -8 -8 -8 -8 -8 -8 -8 -8 -8 -7 -8 -7 -7 -8 -8 -8 -8 -7 -8 -8 -8 -8 -8 -8 -8 -8 -8 -8 -8 -8 -8 -8 -8 -8 -8 -7 -8 -8 -8 -8 -8 -8 -8 -8 -8 -8 -8 -8 -8 -8 -8 -8 -8 -8 -8 -8 -8 -8 -8 -8 -8 -8 -8 -8 -8 -8 -8 -8 -8 -8 -8 -8 -8 -8 -8 -8 -8 
-7 -8 -8 -8 -8 -7 -8 -8 -8 -7 -8 -8 -8 -8 -8 -8 -8 -8 -7 -8 -8 -8 -8 -8 -8 -8 -8 -7 -7 -7 -7 -8 -8 -8 -8 -7 -8 -8 -8 -7 -8 -8 -8 -8 -8 -8 -8 -8 -8 -8 -8 -8 -8 -7 -8 -8 -8 -8 -8 -8 -8 -8 -8 -8 -8 -8 -8 -7 -8 -8 -8 -8 -8 -8 -8 -8 -8 -8 -8 -8 -8 -8 -8 -8 -8 -8 -8 -8 -8 -8 -8 -8 -8 -8 -8 
-7 -7 -8 -8 -8 -7 -8 -8 -8 -7 -8 -8 -8 -8 -8 -8 -8 -8 -7 -8 -8 -8 -8 -8 -8 -8 -8 -7 -7 -7 -7 -8 -8 -8 -7 -7 -7 -8 -7 -7 -7 -7 -7 -8 -8 -7 -8 -8 -8 -8 -8 -8 -8 -7 -8 -7 -8 -8 -8 -8 -8 -8 -8 -8 -8 -8 -8 -7 -8 -8 -8 -8 -8 -8 -8 -7 -7 -8 -7 -8 -8 -8 -8 -8 -8 -8 -8 -8 -7 -8 -8 -8 -8 -8 -8 
-7 -7 -8 -8 -8 -7 -8 -8 -8 -7 -8 -8 -8 -8 -7 -8 -8 -8 -7 -8 -8 -8 -8 -8 -8 -8 -8 -7 -7 -7 -7 -8 -8 -8 -7 -7 -7 -8 -7 -7 -7 -7 -7 -8 -8 -7 -8 -8 -8 -8 -8 -8 -8 -7 -8 -7 -8 -8 -8 -8 -8 -8 -8 -8 -8 -8 -8 -7 -8 -8 -8 -8 -8 -8 -8 -7 -7 -8 -7 -8 -8 -8 -8 -8 -8 -8 -8 -8 -7 -8 -8 -8 -8 -8 -8 
-7 -7 -8 -7 -8 -7 -8 -8 -7 -7 -8 -8 -8 -8 -7 -8 -8 -8 -7 -8 -8 -8 -8 -8 -8 -7 -8 -7 -7 -7 -7 -8 -8 -8 -7 -7 -7 -7 -7 -7 -7 -7 -7 -8 -8 -7 -8 -8 -8 -8 -8 -8 -7 -7 -7 -7 -7 -8 -7 -8 -8 -8 -8 -8 -8 -8 -7 -7 -8 -8 -8 -8 -8 -8 -8 -7 -7 -8 -7 -8 -8 -8 -8 -8 -8 -8 -8 -8 -7 -7 -8 -8 -8 -8 -8 
-7 -7 -7 -7 -8 -7 -7 -7 -7 -7 -7 -7 -8 -8 -7 -7 -7 -7 -7 -7 -7 -8 -7 -7 -8 -7 -8 -7 -7 -7 -7 -7 -7 -7 -7 -7 -7 -7 -7 -7 -7 -7 -7 -8 -8 -7 -8 -8 -8 -8 -8 -7 -7 -7 -7 -7 -7 -7 -7 -7 -7 -8 -8 -8 -8 -7 -7 -7 -8 -8 -8 -7 -8 -7 -8 -7 -7 -8 -7 -8 -8 -8 -8 -7 -7 -8 -7 -7 -7 -7 -8 -7 -7 -8 -7 
-7 -7 -7 -7 -7 -7 -7 -7 -7 -7 -7 -7 -7 -7 -7 -7 -7 -7 -7 -7 -7 -7 -7 -7 -7 -7 -7 -7 -7 -7 -7 -7 -7 -7 -7 -7 -7 -7 -7 -7 -7 -7 -7 -7 -8 -7 -7 -7 -7 -7 -7 -7 -7 -7 -7 -7 -7 -7 -7 -7 -7 -7 -7 -7 -7 -7 -7 -7 -7 -7 -7 -7 -7 -7 -7 -7 -7 -7 -7 -7 -7 -7 -7 -7 -7 -7 -7 -7 -7 -7 -7 -7 -7 -7 -7 
-7 -7 -7 -7 -8 -7 -7 -7 -7 -7 -7 -7 -7 -8 -7 -7 -7 -7 -7 -7 -7 -8 -7 -7 -7 -7 -8 -7 -7 -7 -7 -7 -7 -7 -7 -7 -7 -7 -7 -7 -7 -7 -7 -8 -8 -7 -8 -8 -8 -8 -8 -7 -7 -7 -7 -7 -7 -7 -7 -7 -7 -8 -8 -7 -8 -7 -7 -7 -8 -8 -8 -7 -8 -7 -8 -7 -7 -8 -7 -8 -8 -8 -7 -7 -7 -8 -7 -7 -7 -7 -8 -7 -7 -7 -7 
-7 -7 -7 -7 -7 -7 -7 -7 -7 -7 -7 -7 -7 -7 -7 -7 -7 -7 -7 -7 -7 -8 -7 -7 -7 -7 -8 -7 -7 -7 -7 -7 -7 -7 -7 -7 -7 -7 -7 -7 -7 -7 -7 -8 -8 -7 -8 -8 -8 -7 -7 -7 -7 -7 -7 -7 -7 -7 -7 -7 -7 -8 -7 -7 -7 -7 -7 -7 -8 -7 -7 -7 -7 -7 -8 -7 -7 -7 -7 -8 -8 -7 -7 -7 -7 -7 -7 -7 -7 -7 -7 -7 -7 -7 -7 
-7 -7 -7 -7 -8 -7 -8 -7 -7 -7 -7 -7 -8 -8 -7 -8 -7 -8 -7 -7 -7 -8 -7 -7 -8 -7 -8 -7 -7 -7 -7 -7 -7 -7 -7 -7 -7 -7 -7 -7 -7 -7 -7 -8 -8 -7 -8 -8 -8 -8 -8 -7 -7 -7 -7 -7 -7 -8 -7 -7 -7 -8 -8 -8 -8 -7 -7 -7 -8 -8 -8 -7 -8 -7 -8 -7 -7 -8 -7 -8 -8 -8 -8 -7 -7 -8 -8 -8 -7 -7 -8 -8 -7 -8 -7 
-7 -7 -8 -7 -8 -7 -8 -8 -7 -7 -8 -8 -8 -8 -7 -8 -8 -8 -7 -8 -8 -8 -8 -8 -8 -7 -8 -7 -7 -7 -7 -8 -8 -8 -7 -7 -7 -7 -7 -7 -7 -7 -7 -8 -8 -7 -8 -8 -8 -8 -8 -8 -7 -7 -7 -7 -8 -8 -7 -8 -8 -8 -8 -8 -8 -8 -7 -7 -8 -8 -8 -8 -8 -8 -8 -7 -7 -8 -7 -8 -8 -8 -8 -8 -8 -8 -8 -8 -7 -7 -8 -8 -8 -8 -8 
-7 -7 -7 -7 -7 -7 -7 -7 -7 -7 -7 -7 -7 -8 -7 -7 -7 -7 -7 -7 -7 -8 -7 -7 -7 -7 -8 -7 -7 -7 -7 -7 -7 -7 -7 -7 -7 -7 -7 -7 -7 -7 -7 -8 -8 -7 -8 -8 -8 -8 -8 -7 -7 -7 -7 -7 -7 -7 -7 -7 -7 -8 -8 -7 -8 -7 -7 -7 -8 -8 -7 -7 -8 -7 -8 -7 -7 -8 -7 -8 -8 -8 -7 -7 -7 -7 -7 -7 -7 -7 -8 -7 -7 -7 -7 
-7 -7 -8 -7 -8 -7 -8 -8 -7 -7 -8 -8 -8 -8 -7 -8 -8 -8 -7 -8 -8 -8 -8 -8 -8 -7 -8 -7 -7 -7 -7 -8 -8 -8 -7 -7 -7 -7 -7 -7 -7 -7 -7 -8 -8 -7 -8 -8 -8 -8 -8 -8 -7 -7 -7 -7 -7 -8 -7 -8 -8 -8 -8 -8 -8 -8 -7 -7 -8 -8 -8 -8 -8 -8 -8 -7 -7 -8 -7 -8 -8 -8 -8 -8 -7 -8 -8 -8 -7 -7 -8 -8 -7 -8 -7 
-7 -7 -8 -7 -8 -7 -8 -8 -7 -7 -8 -8 -8 -8 -7 -8 -8 -8 -7 -8 -8 -8 -8 -8 -8 -7 -8 -7 -7 -7 -7 -8 -8 -8 -7 -7 -7 -7 -7 -7 -7 -7 -7 -8 -8 -7 -8 -8 -8 -8 -8 -8 -7 -7 -7 -7 -7 -8 -7 -8 -8 -8 -8 -8 -8 -8 -7 -7 -8 -8 -8 -8 -8 -8 -8 -7 -7 -8 -7 -8 -8 -8 -8 -8 -7 -8 -8 -8 -7 -7 -8 -8 -7 -8 -7 
-7 -8 -8 -8 -8 -7 -8 -8 -8 -8 -8 -8 -8 -8 -8 -8 -8 -8 -8 -8 -8 -8 -8 -8 -8 -8 -8 -8 -8 -8 -8 -8 -8 -8 -8 -8 -8 -8 -8 -8 -8 -8 -8 -8 -8 -8 -8 -8 -8 -8 -8 -8 -8 -7 -8 -8 -8 -8 -8 -8 -8 -8 -8 -8 -8 -8 -8 -8 -8 -8 -8 -8 -8 -8 -8 -8 -8 -8 -8 -8 -8 -8 -8 -8 -8 -8 -8 -8 -8 -8 -8 -8 -8 -8 -8 
-7 -8 -8 -8 -8 -7 -8 -8 -8 -7 -8 -8 -8 -8 -8 -8 -8 -8 -7 -8 -8 -8 -8 -8 -8 -8 -8 -7 -7 -7 -7 -8 -8 -8 -7 -7 -7 -8 -8 -7 -8 -7 -7 -8 -8 -8 -8 -8 -8 -8 -8 -8 -8 -7 -8 -7 -8 -8 -8 -8 -8 -8 -8 -8 -8 -8 -8 -7 -8 -8 -8 -8 -8 -8 -8 -7 -7 -8 -8 -8 -8 -8 -8 -8 -8 -8 -8 -8 -8 -8 -8 -8 -8 -8 -8 
-7 -7 -8 -7 -8 -7 -8 -8 -8 -7 -8 -8 -8 -8 -7 -8 -8 -8 -7 -8 -8 -8 -8 -8 -8 -8 -8 -7 -7 -7 -7 -8 -8 -8 -7 -7 -7 -7 -7 -7 -7 -7 -7 -8 -8 -7 -8 -8 -8 -8 -8 -8 -8 -7 -7 -7 -8 -8 -7 -8 -8 -8 -8 -8 -8 -8 -7 -7 -8 -8 -8 -8 -8 -8 -8 -7 -7 -8 -7 -8 -8 -8 -8 -8 -8 -8 -8 -8 -7 -7 -8 -8 -8 -8 -8 
-7 -7 -8 -8 -8 -7 -8 -8 -8 -7 -8 -8 -8 -8 -8 -8 -8 -8 -7 -8 -8 -8 -8 -8 -8 -8 -8 -7 -7 -7 -7 -8 -8 -8 -7 -7 -7 -8 -7 -7 -7 -7 -7 -8 -8 -7 -8 -8 -8 -8 -8 -8 -8 -7 -8 -7 -8 -8 -8 -8 -8 -8 -8 -8 -8 -8 -8 -7 -8 -8 -8 -8 -8 -8 -8 -7 -7 -8 -8 -8 -8 -8 -8 -8 -8 -8 -8 -8 -7 -8 -8 -8 -8 -8 -8 
-7 -7 -8 -7 -8 -7 -8 -8 -7 -7 -8 -8 -8 -8 -7 -8 -7 -8 -7 -8 -8 -8 -8 -8 -8 -7 -8 -7 -7 -7 -7 -8 -8 -8 -7 -7 -7 -7 -7 -7 -7 -7 -7 -8 -8 -7 -8 -8 -8 -8 -8 -8 -7 -7 -7 -7 -7 -8 -7 -8 -8 -8 -8 -8 -8 -7 -7 -7 -8 -8 -8 -8 -8 -7 -8 -7 -7 -8 -7 -8 -8 -8 -8 -8 -7 -8 -8 -8 -7 -7 -8 -8 -7 -8 -7 
-7 -7 -7 -7 -8 -7 -7 -7 -7 -7 -7 -7 -7 -8 -7 -7 -7 -7 -7 -7 -7 -8 -7 -7 -7 -7 -8 -7 -7 -7 -7 -7 -7 -7 -7 -7 -7 -7 -7 -7 -7 -7 -7 -8 -8 -7 -8 -8 -8 -8 -8 -7 -7 -7 -7 -7 -7 -7 -7 -7 -7 -8 -8 -7 -8 -7 -7 -7 -8 -8 -8 -7 -8 -7 -8 -7 -7 -8 -7 -8 -8 -8 -7 -7 -7 -8 -7 -7 -7 -7 -8 -7 -7 -7 -7 
-7 -7 -7 -7 -7 -7 -7 -7 -7 -7 -7 -7 -7 -7 -7 -7 -7 -7 -7 -7 -7 -7 -7 -7 -7 -7 -8 -7 -7 -7 -7 -7 -7 -7 -7 -7 -7 -7 -7 -7 -7 -7 -7 -8 -8 -7 -8 -8 -7 -7 -7 -7 -7 -7 -7 -7 -7 -7 -7 -7 -7 -8 -7 -7 -7 -7 -7 -7 -7 -7 -7 -7 -7 -7 -8 -7 -7 -7 -7 -7 -8 -7 -7 -7 -7 -7 -7 -7 -7 -7 -7 -7 -7 -7 -7 
-7 -8 -8 -8 -8 -7 -8 -8 -8 -7 -8 -8 -8 -8 -8 -8 -8 -8 -7 -8 -8 -8 -8 -8 -8 -8 -8 -7 -7 -7 -7 -8 -8 -8 -8 -7 -7 -8 -8 -7 -8 -8 -7 -8 -8 -8 -8 -8 -8 -8 -8 -8 -8 -7 -8 -8 -8 -8 -8 -8 -8 -8 -8 -8 -8 -8 -8 -7 -8 -8 -8 -8 -8 -8 -8 -8 -8 -8 -8 -8 -8 -8 -8 -8 -8 -8 -8 -8 -8 -8 -8 -8 -8 -8 -8 
-7 -8 -8 -8 -8 -7 -8 -8 -8 -7 -8 -8 -8 -8 -8 -8 -8 -8 -7 -8 -8 -8 -8 -8 -8 -8 -8 -7 -7 -7 -7 -8 -8 -8 -7 -7 -7 -8 -8 -7 -8 -7 -7 -8 -8 -8 -8 -8 -8 -8 -8 -8 -8 -7 -8 -7 -8 -8 -8 -8 -8 -8 -8 -8 -8 -8 -8 -7 -8 -8 -8 -8 -8 -8 -8 -7 -7 -8 -8 -8 -8 -8 -8 -8 -8 -8 -8 -8 -8 -8 -8 -8 -8 -8 -8 
-7 -7 -8 -7 -8 -7 -8 -8 -8 -7 -8 -8 -8 -8 -7 -8 -8 -8 -7 -8 -8 -8 -8 -8 -8 -8 -8 -7 -7 -7 -7 -8 -8 -8 -7 -7 -7 -8 -7 -7 -7 -7 -7 -8 -8 -7 -8 -8 -8 -8 -8 -8 -8 -7 -8 -7 -8 -8 -7 -8 -8 -8 -8 -8 -8 -8 -8 -7 -8 -8 -8 -8 -8 -8 -8 -7 -7 -8 -7 -8 -8 -8 -8 -8 -8 -8 -8 -8 -7 -7 -8 -8 -8 -8 -8 
-7 -7 -8 -7 -8 -7 -8 -8 -7 -7 -8 -8 -8 -8 -7 -8 -8 -8 -7 -8 -8 -8 -8 -8 -8 -7 -8 -7 -7 -7 -7 -8 -8 -8 -7 -7 -7 -7 -7 -7 -7 -7 -7 -8 -8 -7 -8 -8 -8 -8 -8 -8 -7 -7 -7 -7 -7 -8 -7 -8 -8 -8 -8 -8 -8 -8 -7 -7 -8 -8 -8 -8 -8 -8 -8 -7 -7 -8 -7 -8 -8 -8 -8 -8 -7 -8 -8 -8 -7 -7 -8 -8 -7 -8 -7 
-7 -7 -8 -8 -8 -7 -8 -8 -8 -7 -8 -8 -8 -8 -8 -8 -8 -8 -7 -8 -8 -8 -8 -8 -8 -8 -8 -7 -7 -7 -7 -8 -8 -8 -7 -7 -7 -8 -7 -7 -7 -7 -7 -8 -8 -7 -8 -8 -8 -8 -8 -8 -8 -7 -8 -7 -8 -8 -8 -8 -8 -8 -8 -8 -8 -8 -8 -7 -8 -8 -8 -8 -8 -8 -8 -7 -7 -8 -8 -8 -8 -8 -8 -8 -8 -8 -8 -8 -7 -8 -8 -8 -8 -8 -8 
-7 -7 -8 -7 -8 -7 -8 -8 -7 -7 -8 -8 -8 -8 -7 -8 -7 -8 -7 -8 -8 -8 -8 -8 -8 -7 -8 -7 -7 -7 -7 -8 -8 -8 -7 -7 -7 -7 -7 -7 -7 -7 -7 -8 -8 -7 -8 -8 -8 -8 -8 -8 -7 -7 -7 -7 -7 -8 -7 -8 -8 -8 -8 -8 -8 -7 -7 -7 -8 -8 -8 -8 -8 -7 -8 -7 -7 -8 -7 -8 -8 -8 -8 -8 -7 -8 -8 -8 -7 -7 -8 -8 -7 -8 -7 
-7 -8 -8 -8 -8 -7 -8 -8 -8 -8 -8 -8 -8 -8 -8 -8 -8 -8 -8 -8 -8 -8 -8 -8 -8 -8 -8 -7 -8 -7 -7 -8 -8 -8 -8 -7 -8 -8 -8 -7 -8 -8 -8 -8 -8 -8 -8 -8 -8 -8 -8 -8 -8 -7 -8 -8 -8 -8 -8 -8 -8 -8 -8 -8 -8 -8 -8 -8 -8 -8 -8 -8 -8 -8 -8 -8 -8 -8 -8 -8 -8 -8 -8 -8 -8 -8 -8 -8 -8 -8 -8 -8 -8 -8 -8 
-7 -7 -7 -7 -7 -7 -7 -7 -7 -7 -7 -7 -7 -7 -7 -7 -7 -7 -7 -7 -7 -8 -7 -7 -7 -7 -8 -7 -7 -7 -7 -7 -7 -7 -7 -7 -7 -7 -7 -7 -7 -7 -7 -8 -8 -7 -8 -8 -8 -7 -7 -7 -7 -7 -7 -7 -7 -7 -7 -7 -7 -8 -7 -7 -7 -7 -7 -7 -8 -7 -7 -7 -7 -7 -8 -7 -7 -7 -7 -8 -8 -7 -7 -7 -7 -7 -7 -7 -7 -7 -7 -7 -7 -7 -7 
-7 -7 -7 -7 -7 -7 -7 -7 -7 -7 -7 -7 -7 -7 -7 -7 -7 -7 -7 -7 -7 -8 -7 -7 -7 -7 -8 -7 -7 -7 -7 -7 -7 -7 -7 -7 -7 -7 -7 -7 -7 -7 -7 -8 -8 -7 -8 -8 -8 -7 -7 -7 -7 -7 -7 -7 -7 -7 -7 -7 -7 -8 -7 -7 -7 -7 -7 -7 -8 -7 -7 -7 -7 -7 -8 -7 -7 -7 -7 -7 -8 -7 -7 -7 -7 -7 -7 -7 -7 -7 -7 -7 -7 -7 -7 
-7 -7 -8 -8 -8 -7 -8 -8 -8 -7 -8 -8 -8 -8 -7 -8 -8 -8 -7 -8 -8 -8 -8 -8 -8 -8 -8 -7 -7 -7 -7 -8 -8 -8 -7 -7 -7 -8 -7 -7 -7 -7 -7 -8 -8 -7 -8 -8 -8 -8 -8 -8 -8 -7 -8 -7 -8 -8 -8 -8 -8 -8 -8 -8 -8 -8 -8 -7 -8 -8 -8 -8 -8 -8 -8 -7 -7 -8 -7 -8 -8 -8 -8 -8 -8 -8 -8 -8 -7 -8 -8 -8 -8 -8 -8 
-7 -7 -7 -7 -7 -7 -7 -7 -7 -7 -7 -7 -7 -7 -7 -7 -7 -7 -7 -7 -7 -8 -7 -7 -7 -7 -8 -7 -7 -7 -7 -7 -7 -7 -7 -7 -7 -7 -7 -7 -7 -7 -7 -8 -8 -7 -8 -8 -8 -7 -7 -7 -7 -7 -7 -7 -7 -7 -7 -7 -7 -8 -8 -7 -8 -7 -7 -7 -8 -8 -7 -7 -8 -7 -8 -7 -7 -7 -7 -8 -8 -8 -7 -7 -7 -7 -7 -7 -7 -7 -8 -7 -7 -7 -7 
-7 -8 -8 -8 -8 -7 -8 -8 -8 -7 -8 -8 -8 -8 -8 -8 -8 -8 -7 -8 -8 -8 -8 -8 -8 -8 -8 -7 -7 -7 -7 -8 -8 -8 -7 -7 -7 -8 -8 -7 -8 -7 -7 -8 -8 -8 -8 -8 -8 -8 -8 -8 -8 -7 -8 -8 -8 -8 -8 -8 -8 -8 -8 -8 -8 -8 -8 -7 -8 -8 -8 -8 -8 -8 -8 -8 -7 -8 -8 -8 -8 -8 -8 -8 -8 -8 -8 -8 -8 -8 -8 -8 -8 -8 -8 
-7 -8 -8 -8 -8 -7 -8 -8 -8 -7 -8 -8 -8 -8 -8 -8 -8 -8 -8 -8 -8 -8 -8 -8 -8 -8 -8 -7 -8 -7 -7 -8 -8 -8 -8 -7 -8 -8 -8 -7 -8 -8 -8 -8 -8 -8 -8 -8 -8 -8 -8 -8 -8 -7 -8 -8 -8 -8 -8 -8 -8 -8 -8 -8 -8 -8 -8 -8 -8 -8 -8 -8 -8 -8 -8 -8 -8 -8 -8 -8 -8 -8 -8 -8 -8 -8 -8 -8 -8 -8 -8 -8 -8 -8 -8 
-7 -7 -8 -8 -8 -7 -8 -8 -8 -7 -8 -8 -8 -8 -8 -8 -8 -8 -7 -8 -8 -8 -8 -8 -8 -8 -8 -7 -7 -7 -7 -8 -8 -8 -7 -7 -7 -8 -8 -7 -8 -7 -7 -8 -8 -7 -8 -8 -8 -8 -8 -8 -8 -7 -8 -7 -8 -8 -8 -8 -8 -8 -8 -8 -8 -8 -8 -7 -8 -8 -8 -8 -8 -8 -8 -7 -7 -8 -8 -8 -8 -8 -8 -8 -8 -8 -8 -8 -7 -8 -8 -8 -8 -8 -8 
-7 -7 -8 -7 -8 -7 -8 -8 -8 -7 -8 -8 -8 -8 -7 -8 -8 -8 -7 -8 -8 -8 -8 -8 -8 -8 -8 -7 -7 -7 -7 -8 -8 -8 -7 -7 -7 -7 -7 -7 -7 -7 -7 -8 -8 -7 -8 -8 -8 -8 -8 -8 -8 -7 -7 -7 -8 -8 -7 -8 -8 -8 -8 -8 -8 -8 -7 -7 -8 -8 -8 -8 -8 -8 -8 -7 -7 -8 -7 -8 -8 -8 -8 -8 -8 -8 -8 -8 -7 -7 -8 -8 -8 -8 -8 
-7 -7 -8 -7 -8 -7 -8 -8 -7 -7 -8 -8 -8 -8 -7 -8 -8 -8 -7 -8 -8 -8 -8 -8 -8 -7 -8 -7 -7 -7 -7 -8 -8 -8 -7 -7 -7 -7 -7 -7 -7 -7 -7 -8 -8 -7 -8 -8 -8 -8 -8 -8 -7 -7 -7 -7 -7 -8 -7 -8 -8 -8 -8 -8 -8 -8 -7 -7 -8 -8 -8 -8 -8 -8 -8 -7 -7 -8 -7 -8 -8 -8 -8 -8 -7 -8 -8 -8 -7 -7 -8 -8 -7 -8 -7 
-7 -7 -7 -7 -8 -7 -8 -7 -7 -7 -7 -7 -8 -8 -7 -8 -7 -8 -7 -8 -8 -8 -7 -8 -8 -7 -8 -7 -7 -7 -7 -8 -7 -8 -7 -7 -7 -7 -7 -7 -7 -7 -7 -8 -8 -7 -8 -8 -8 -8 -8 -8 -7 -7 -7 -7 -7 -8 -7 -7 -7 -8 -8 -8 -8 -7 -7 -7 -8 -8 -8 -7 -8 -7 -8 -7 -7 -8 -7 -8 -8 -8 -8 -7 -7 -8 -8 -8 -7 -7 -8 -8 -7 -8 -7 
-7 -7 -8 -7 -8 -7 -8 -8 -8 -7 -8 -8 -8 -8 -7 -8 -8 -8 -7 -8 -8 -8 -8 -8 -8 -8 -8 -7 -7 -7 -7 -8 -8 -8 -7 -7 -7 -8 -7 -7 -7 -7 -7 -8 -8 -7 -8 -8 -8 -8 -8 -8 -8 -7 -8 -7 -8 -8 -7 -8 -8 -8 -8 -8 -8 -8 -8 -7 -8 -8 -8 -8 -8 -8 -8 -7 -7 -8 -7 -8 -8 -8 -8 -8 -8 -8 -8 -8 -7 -7 -8 -8 -8 -8 -8 
-7 -7 -8 -7 -8 -7 -8 -8 -7 -7 -8 -8 -8 -8 -7 -8 -8 -8 -7 -8 -8 -8 -8 -8 -8 -7 -8 -7 -7 -7 -7 -8 -8 -8 -7 -7 -7 -7 -7 -7 -7 -7 -7 -8 -8 -7 -8 -8 -8 -8 -8 -8 -7 -7 -7 -7 -8 -8 -7 -8 -8 -8 -8 -8 -8 -8 -7 -7 -8 -8 -8 -8 -8 -8 -8 -7 -7 -8 -7 -8 -8 -8 -8 -8 -8 -8 -8 -8 -7 -7 -8 -8 -8 -8 -8 
-7 -7 -8 -7 -8 -7 -8 -8 -8 -7 -8 -8 -8 -8 -7 -8 -8 -8 -7 -8 -8 -8 -8 -8 -8 -7 -8 -7 -7 -7 -7 -8 -8 -8 -7 -7 -7 -7 -7 -7 -7 -7 -7 -8 -8 -7 -8 -8 -8 -8 -8 -8 -7 -7 -7 -7 -8 -8 -7 -8 -8 -8 -8 -8 -8 -8 -7 -7 -8 -8 -8 -8 -8 -8 -8 -7 -7 -8 -7 -8 -8 -8 -8 -8 -8 -8 -8 -8 -7 -7 -8 -8 -8 -8 -8 
-7 -7 -7 -7 -7 -7 -7 -7 -7 -7 -7 -7 -7 -7 -7 -7 -7 -7 -7 -7 -7 -8 -7 -7 -7 -7 -8 -7 -7 -7 -7 -7 -7 -7 -7 -7 -7 -7 -7 -7 -7 -7 -7 -8 -8 -7 -8 -8 -8 -7 -7 -7 -7 -7 -7 -7 -7 -7 -7 -7 -7 -8 -8 -7 -7 -7 -7 -7 -8 -8 -7 -7 -7 -7 -8 -7 -7 -7 -7 -8 -8 -7 -7 -7 -7 -7 -7 -7 -7 -7 -7 -7 -7 -7 -7 
-7 -7 -7 -7 -7 -7 -7 -7 -7 -7 -7 -7 -7 -8 -7 -7 -7 -7 -7 -7 -7 -8 -7 -7 -7 -7 -8 -7 -7 -7 -7 -7 -7 -7 -7 -7 -7 -7 -7 -7 -7 -7 -7 -8 -8 -7 -8 -8 -8 -8 -8 -7 -7 -7 -7 -7 -7 -7 -7 -7 -7 -8 -8 -7 -8 -7 -7 -7 -8 -8 -7 -7 -8 -7 -8 -7 -7 -8 -7 -8 -8 -8 -7 -7 -7 -7 -7 -7 -7 -7 -8 -7 -7 -7 -7 
-7 -7 -8 -8 -8 -7 -8 -8 -8 -7 -8 -8 -8 -8 -8 -8 -8 -8 -7 -8 -8 -8 -8 -8 -8 -8 -8 -7 -7 -7 -7 -8 -8 -8 -7 -7 -7 -8 -8 -7 -8 -7 -7 -8 -8 -7 -8 -8 -8 -8 -8 -8 -8 -7 -8 -7 -8 -8 -8 -8 -8 -8 -8 -8 -8 -8 -8 -7 -8 -8 -8 -8 -8 -8 -8 -7 -7 -8 -8 -8 -8 -8 -8 -8 -8 -8 -8 -8 -7 -8 -8 -8 -8 -8 -8 
-7 -7 -8 -7 -8 -7 -8 -8 -7 -7 -8 -8 -8 -8 -7 -8 -8 -8 -7 -8 -8 -8 -8 -8 -8 -7 -8 -7 -7 -7 -7 -8 -8 -8 -7 -7 -7 -7 -7 -7 -7 -7 -7 -8 -8 -7 -8 -8 -8 -8 -8 -8 -7 -7 -7 -7 -8 -8 -7 -8 -8 -8 -8 -8 -8 -8 -7 -7 -8 -8 -8 -8 -8 -8 -8 -7 -7 -8 -7 -8 -8 -8 -8 -8 -8 -8 -8 -8 -7 -7 -8 -8 -8 -8 -8 
-7 -7 -7 -7 -8 -7 -8 -7 -7 -7 -7 -7 -8 -8 -7 -8 -7 -8 -7 -8 -8 -8 -7 -8 -8 -7 -8 -7 -7 -7 -7 -8 -7 -8 -7 -7 -7 -7 -7 -7 -7 -7 -7 -8 -8 -7 -8 -8 -8 -8 -8 -8 -7 -7 -7 -7 -7 -8 -7 -7 -7 -8 -8 -8 -8 -7 -7 -7 -8 -8 -8 -7 -8 -7 -8 -7 -7 -8 -7 -8 -8 -8 -8 -7 -7 -8 -8 -8 -7 -7 -8 -8 -7 -8 -7 
-7 -7 -8 -7 -8 -7 -8 -8 -8 -7 -8 -8 -8 -8 -7 -8 -8 -8 -7 -8 -8 -8 -8 -8 -8 -8 -8 -7 -7 -7 -7 -8 -8 -8 -7 -7 -7 -7 -7 -7 -7 -7 -7 -8 -8 -7 -8 -8 -8 -8 -8 -8 -8 -7 -7 -7 -8 -8 -7 -8 -8 -8 -8 -8 -8 -8 -7 -7 -8 -8 -8 -8 -8 -8 -8 -7 -7 -8 -7 -8 -8 -8 -8 -8 -8 -8 -8 -8 -7 -7 -8 -8 -8 -8 -8 
-7 -7 -7 -7 -8 -7 -8 -7 -7 -7 -7 -7 -8 -8 -7 -8 -7 -8 -7 -7 -8 -8 -7 -8 -8 -7 -8 -7 -7 -7 -7 -7 -7 -7 -7 -7 -7 -7 -7 -7 -7 -7 -7 -8 -8 -7 -8 -8 -8 -8 -8 -8 -7 -7 -7 -7 -7 -8 -7 -7 -7 -8 -8 -8 -8 -7 -7 -7 -8 -8 -8 -7 -8 -7 -8 -7 -7 -8 -7 -8 -8 -8 -8 -7 -7 -8 -8 -8 -7 -7 -8 -8 -7 -8 -7 
