./FontKingthings10.png
95
 
!
"
#
$
%
&
'
(
)
*
+
,
-
.
/
0
1
2
3
4
5
6
7
8
9
:
;
<
=
>
?
@
A
B
C
D
E
F
G
H
I
J
K
L
M
N
O
P
Q
R
S
T
U
V
W
X
Y
Z
[
\
]
^
_
`
a
b
c
d
e
f
g
h
i
j
k
l
m
n
o
p
q
r
s
t
u
v
w
x
y
z
{
|
}
~
5
7
8
10
9
11
13
6
8
8
8
10
7
10
7
8
10
8
9
9
11
9
10
9
9
10
7
7
9
10
9
10
13
13
12
11
12
11
11
12
12
8
12
12
11
15
13
12
11
12
12
11
12
13
12
15
12
11
11
8
8
9
8
11
8
10
10
9
10
9
9
10
10
8
8
11
7
14
11
10
11
10
9
10
9
11
11
13
11
10
9
7
8
7
11
-5 -3 -2 -2 -2 -3 -2 -2 -3 -3 -2 -3 -3 -3 -3 -3 -2 -3 -2 -2 -3 -2 -2 -2 -2 -2 -2 -3 -2 -2 -3 -2 -2 -2 -3 -2 -2 -3 -3 -2 -2 -2 -3 -2 -3 -3 -3 -3 -3 -3 -3 -3 -2 -3 -2 -3 -3 -2 -3 -2 -3 -3 -2 -2 -3 -2 -3 -2 -2 -2 -3 -3 -3 -2 -3 -3 -2 -3 -3 -3 -3 -2 -3 -3 -2 -3 -3 -2 -3 -2 -3 -2 -3 -2 -3 
-5 -5 -5 -5 -4 -5 -5 -4 -5 -5 -5 -5 -5 -5 -5 -5 -5 -5 -5 -5 -5 -5 -5 -5 -4 -4 -5 -5 -5 -5 -5 -5 -5 -5 -5 -5 -5 -5 -5 -5 -4 -4 -5 -5 -5 -5 -5 -5 -5 -5 -5 -5 -5 -5 -4 -5 -5 -5 -5 -5 -5 -5 -5 -5 -5 -4 -5 -4 -5 -4 -5 -5 -5 -5 -5 -5 -4 -5 -5 -5 -5 -5 -5 -5 -5 -5 -5 -5 -5 -4 -5 -5 -5 -5 -5 
-5 -5 -4 -4 -4 -5 -4 -4 -5 -5 -4 -4 -5 -5 -5 -5 -4 -4 -4 -4 -5 -4 -4 -4 -4 -4 -4 -5 -4 -4 -4 -4 -4 -4 -5 -4 -4 -5 -5 -4 -4 -4 -5 -4 -5 -5 -5 -5 -4 -5 -4 -4 -4 -5 -4 -5 -5 -4 -5 -4 -5 -5 -4 -4 -5 -4 -5 -4 -4 -4 -5 -4 -4 -4 -5 -5 -4 -5 -5 -5 -5 -4 -4 -5 -4 -5 -5 -4 -5 -4 -5 -4 -5 -4 -5 
-5 -5 -4 -4 -4 -5 -4 -4 -5 -5 -4 -4 -5 -5 -5 -5 -4 -4 -4 -4 -5 -4 -4 -4 -4 -4 -4 -5 -4 -4 -4 -4 -4 -4 -5 -4 -4 -5 -5 -4 -4 -4 -5 -4 -5 -5 -5 -5 -4 -5 -4 -4 -4 -5 -4 -5 -5 -4 -5 -4 -5 -5 -4 -4 -5 -4 -5 -4 -4 -4 -5 -4 -4 -4 -5 -5 -4 -5 -5 -5 -5 -4 -4 -5 -4 -5 -5 -4 -5 -4 -5 -4 -5 -4 -5 
-5 -4 -4 -4 -4 -5 -4 -4 -5 -5 -4 -4 -5 -5 -4 -5 -4 -4 -4 -4 -5 -4 -4 -4 -4 -4 -4 -5 -4 -4 -4 -4 -4 -4 -5 -4 -4 -5 -5 -4 -4 -4 -5 -4 -5 -5 -5 -5 -4 -5 -4 -4 -4 -5 -4 -4 -5 -4 -5 -4 -5 -5 -4 -4 -5 -4 -5 -4 -4 -4 -5 -4 -4 -4 -5 -5 -4 -5 -5 -5 -5 -4 -4 -5 -4 -5 -5 -4 -5 -4 -5 -4 -5 -4 -5 
-5 -5 -5 -5 -5 -5 -5 -5 -5 -6 -5 -5 -5 -5 -5 -5 -5 -5 -5 -5 -5 -5 -5 -5 -5 -5 -5 -5 -5 -5 -5 -5 -5 -5 -5 -5 -5 -5 -5 -5 -5 -5 -5 -5 -5 -5 -6 -5 -5 -5 -5 -5 -5 -6 -5 -5 -5 -5 -5 -5 -5 -6 -5 -5 -6 -5 -6 -5 -5 -5 -5 -5 -5 -5 -6 -6 -5 -6 -5 -5 -6 -5 -5 -6 -5 -5 -5 -5 -6 -5 -5 -5 -6 -5 -5 
-5 -5 -4 -4 -4 -5 -5 -4 -5 -5 -5 -5 -5 -5 -5 -5 -4 -5 -4 -4 -5 -4 -4 -4 -4 -4 -5 -5 -5 -5 -5 -4 -5 -4 -5 -4 -5 -5 -5 -5 -4 -4 -5 -4 -5 -5 -5 -5 -5 -5 -5 -5 -5 -5 -4 -5 -5 -5 -5 -5 -5 -5 -5 -5 -5 -4 -5 -4 -4 -4 -5 -5 -5 -5 -5 -5 -4 -5 -5 -5 -5 -5 -5 -5 -4 -5 -5 -4 -5 -4 -5 -4 -5 -4 -5 
-5 -4 -4 -4 -4 -5 -4 -4 -5 -5 -4 -4 -5 -4 -4 -5 -4 -4 -4 -4 -4 -4 -4 -4 -4 -4 -4 -5 -4 -4 -4 -4 -4 -4 -5 -4 -4 -4 -5 -4 -4 -4 -5 -4 -5 -5 -5 -5 -4 -5 -4 -4 -4 -5 -4 -4 -5 -4 -4 -4 -4 -5 -4 -4 -5 -4 -5 -4 -4 -4 -5 -4 -4 -4 -5 -5 -4 -5 -5 -5 -5 -4 -4 -5 -4 -5 -5 -4 -5 -4 -5 -4 -5 -4 -5 
-5 -5 -5 -5 -5 -5 -5 -5 -6 -6 -5 -5 -5 -5 -5 -5 -5 -5 -5 -5 -5 -5 -5 -5 -5 -5 -5 -5 -5 -5 -5 -5 -5 -5 -5 -5 -5 -5 -6 -5 -5 -5 -6 -5 -5 -5 -6 -6 -5 -5 -5 -5 -5 -6 -5 -5 -5 -5 -5 -5 -5 -6 -5 -5 -6 -5 -6 -5 -5 -5 -6 -5 -5 -5 -6 -6 -5 -6 -5 -5 -6 -5 -5 -6 -5 -5 -5 -5 -6 -5 -6 -5 -6 -5 -6 
-5 -5 -5 -5 -5 -6 -5 -5 -6 -6 -5 -5 -6 -5 -5 -6 -5 -5 -5 -5 -5 -5 -5 -5 -5 -5 -5 -5 -5 -5 -5 -5 -5 -5 -6 -5 -5 -5 -6 -5 -5 -5 -6 -5 -5 -6 -6 -6 -5 -5 -5 -5 -5 -6 -5 -5 -5 -5 -5 -5 -5 -6 -5 -5 -6 -5 -6 -5 -5 -5 -6 -5 -5 -5 -6 -6 -5 -6 -6 -5 -6 -5 -5 -6 -5 -6 -5 -5 -6 -5 -6 -5 -6 -5 -6 
-5 -5 -4 -4 -4 -5 -5 -4 -5 -5 -5 -5 -5 -5 -5 -5 -4 -5 -4 -4 -5 -4 -4 -4 -4 -4 -5 -5 -5 -5 -5 -4 -5 -4 -5 -4 -5 -5 -5 -5 -4 -4 -5 -4 -5 -5 -5 -5 -5 -5 -5 -5 -5 -5 -4 -5 -5 -5 -5 -5 -5 -5 -4 -4 -5 -4 -5 -4 -4 -4 -5 -5 -5 -5 -5 -5 -4 -5 -5 -5 -5 -5 -5 -5 -4 -5 -5 -4 -5 -4 -5 -4 -5 -4 -5 
-5 -5 -4 -4 -4 -5 -5 -4 -5 -5 -5 -5 -5 -5 -5 -5 -4 -5 -4 -4 -5 -4 -4 -5 -4 -4 -5 -5 -5 -5 -5 -4 -5 -4 -5 -4 -5 -5 -5 -5 -4 -4 -5 -5 -5 -5 -5 -5 -5 -5 -5 -5 -5 -5 -4 -5 -5 -5 -5 -5 -5 -5 -5 -5 -5 -4 -5 -4 -4 -4 -5 -5 -5 -5 -5 -5 -4 -5 -5 -5 -5 -5 -5 -5 -4 -5 -5 -4 -5 -4 -5 -4 -5 -4 -5 
-5 -5 -5 -5 -5 -5 -5 -5 -5 -6 -5 -5 -5 -5 -5 -5 -5 -5 -5 -5 -5 -5 -5 -5 -5 -5 -5 -5 -5 -5 -5 -5 -5 -5 -5 -5 -5 -5 -5 -5 -5 -5 -5 -5 -5 -5 -5 -5 -5 -5 -5 -5 -5 -6 -5 -5 -5 -5 -5 -5 -5 -5 -5 -5 -6 -5 -6 -5 -5 -5 -5 -5 -5 -5 -6 -6 -5 -6 -5 -5 -5 -5 -5 -6 -5 -5 -5 -5 -6 -5 -5 -5 -6 -5 -5 
-5 -5 -5 -5 -5 -5 -5 -4 -5 -5 -5 -5 -5 -5 -5 -5 -5 -5 -5 -5 -5 -5 -5 -5 -4 -5 -5 -5 -5 -5 -5 -5 -5 -5 -5 -5 -5 -5 -5 -5 -4 -4 -5 -5 -5 -5 -5 -5 -5 -5 -5 -5 -5 -5 -5 -5 -5 -5 -5 -5 -5 -5 -5 -5 -5 -5 -5 -4 -5 -4 -5 -5 -5 -5 -5 -5 -4 -5 -5 -5 -5 -5 -5 -5 -5 -5 -5 -5 -5 -4 -5 -5 -5 -5 -5 
-5 -5 -5 -5 -4 -5 -5 -4 -5 -5 -5 -5 -5 -5 -5 -5 -5 -5 -5 -5 -5 -4 -5 -5 -4 -4 -5 -5 -5 -5 -5 -5 -5 -4 -5 -5 -5 -5 -5 -5 -4 -4 -5 -5 -5 -5 -5 -5 -5 -5 -5 -5 -5 -5 -4 -5 -5 -5 -5 -5 -5 -5 -5 -5 -5 -4 -5 -4 -5 -4 -5 -5 -5 -5 -5 -5 -4 -5 -5 -5 -5 -5 -5 -5 -4 -5 -5 -4 -5 -4 -5 -5 -5 -5 -5 
-5 -5 -5 -5 -5 -5 -5 -5 -5 -6 -5 -5 -5 -5 -5 -5 -5 -5 -5 -5 -5 -5 -5 -5 -5 -5 -5 -5 -5 -5 -5 -5 -5 -5 -5 -5 -5 -5 -5 -5 -5 -5 -5 -5 -5 -5 -5 -5 -5 -5 -5 -5 -5 -6 -5 -5 -5 -5 -5 -5 -5 -6 -5 -5 -6 -5 -6 -5 -5 -5 -5 -5 -5 -5 -6 -6 -5 -6 -5 -5 -6 -5 -5 -6 -5 -5 -5 -5 -6 -5 -5 -5 -6 -5 -5 
-5 -5 -4 -4 -4 -5 -4 -4 -5 -5 -4 -4 -5 -5 -5 -5 -4 -4 -4 -4 -5 -4 -4 -4 -4 -4 -4 -5 -4 -4 -4 -4 -4 -4 -5 -4 -4 -5 -5 -4 -4 -4 -5 -4 -5 -5 -5 -5 -5 -5 -4 -4 -4 -5 -4 -5 -5 -4 -5 -4 -5 -5 -4 -4 -5 -4 -5 -4 -4 -4 -5 -4 -5 -4 -5 -5 -4 -5 -5 -5 -5 -4 -4 -5 -4 -5 -5 -4 -5 -4 -5 -4 -5 -4 -5 
-5 -5 -4 -4 -4 -5 -5 -4 -5 -5 -5 -5 -5 -5 -5 -5 -4 -5 -4 -4 -5 -4 -4 -5 -4 -4 -5 -5 -5 -5 -5 -4 -5 -4 -5 -4 -5 -5 -5 -5 -4 -4 -5 -4 -5 -5 -5 -5 -5 -5 -5 -5 -5 -5 -4 -5 -5 -5 -5 -5 -5 -5 -5 -5 -5 -4 -5 -4 -4 -4 -5 -5 -5 -5 -5 -5 -4 -5 -5 -5 -5 -5 -5 -5 -4 -5 -5 -4 -5 -4 -5 -4 -5 -4 -5 
-5 -5 -4 -4 -4 -5 -4 -4 -5 -5 -4 -4 -5 -5 -5 -5 -4 -4 -4 -4 -5 -4 -4 -4 -4 -4 -4 -5 -4 -4 -4 -4 -4 -4 -5 -4 -4 -5 -5 -4 -4 -4 -5 -4 -5 -5 -5 -5 -4 -5 -4 -4 -4 -5 -4 -5 -5 -4 -5 -4 -5 -5 -4 -4 -5 -4 -5 -4 -4 -4 -5 -4 -4 -4 -5 -5 -4 -5 -5 -5 -5 -4 -4 -5 -4 -5 -5 -4 -5 -4 -5 -4 -5 -4 -5 
-5 -5 -4 -4 -4 -5 -4 -4 -5 -5 -4 -4 -5 -5 -5 -5 -4 -4 -4 -4 -5 -4 -4 -4 -4 -4 -4 -5 -4 -4 -4 -4 -4 -4 -5 -4 -4 -5 -5 -4 -4 -4 -5 -4 -5 -5 -5 -5 -4 -5 -4 -4 -4 -5 -4 -5 -5 -4 -5 -4 -5 -5 -4 -4 -5 -4 -5 -4 -4 -4 -5 -4 -4 -4 -5 -5 -4 -5 -5 -5 -5 -4 -4 -5 -4 -5 -5 -4 -5 -4 -5 -4 -5 -4 -5 
-5 -5 -5 -5 -5 -5 -5 -4 -5 -5 -5 -5 -5 -5 -5 -5 -5 -5 -5 -5 -5 -5 -5 -5 -4 -4 -5 -5 -5 -5 -5 -5 -5 -5 -5 -5 -5 -5 -5 -5 -4 -4 -5 -5 -5 -5 -5 -5 -5 -5 -5 -5 -5 -5 -5 -5 -5 -5 -5 -5 -5 -5 -5 -5 -5 -5 -5 -4 -5 -4 -5 -5 -5 -5 -5 -5 -4 -5 -5 -5 -5 -5 -5 -5 -5 -5 -5 -5 -5 -4 -5 -5 -5 -5 -5 
-5 -5 -4 -4 -4 -5 -4 -4 -5 -5 -4 -4 -5 -5 -4 -5 -4 -4 -4 -4 -5 -4 -4 -4 -4 -4 -4 -5 -4 -4 -4 -4 -4 -4 -5 -4 -4 -5 -5 -4 -4 -4 -5 -4 -5 -5 -5 -5 -4 -5 -4 -4 -4 -5 -4 -4 -5 -4 -5 -4 -5 -5 -4 -4 -5 -4 -5 -4 -4 -4 -5 -4 -4 -4 -5 -5 -4 -5 -5 -5 -5 -4 -4 -5 -4 -5 -5 -4 -5 -4 -5 -4 -5 -4 -5 
-5 -5 -4 -4 -4 -5 -4 -4 -5 -5 -4 -4 -5 -5 -5 -5 -4 -4 -4 -4 -5 -4 -4 -4 -4 -4 -4 -5 -4 -4 -4 -4 -4 -4 -5 -4 -4 -5 -5 -4 -4 -4 -5 -4 -5 -5 -5 -5 -5 -5 -4 -4 -4 -5 -4 -5 -5 -4 -5 -4 -5 -5 -4 -4 -5 -4 -5 -4 -4 -4 -5 -4 -5 -4 -5 -5 -4 -5 -5 -5 -5 -4 -4 -5 -4 -5 -5 -4 -5 -4 -5 -4 -5 -4 -5 
-5 -5 -4 -4 -4 -5 -4 -4 -5 -5 -4 -5 -5 -5 -5 -5 -4 -5 -4 -4 -5 -4 -4 -4 -4 -4 -4 -5 -4 -4 -5 -4 -4 -4 -5 -4 -4 -5 -5 -4 -4 -4 -5 -4 -5 -5 -5 -5 -5 -5 -5 -5 -4 -5 -4 -5 -5 -4 -5 -4 -5 -5 -4 -4 -5 -4 -5 -4 -4 -4 -5 -5 -5 -4 -5 -5 -4 -5 -5 -5 -5 -4 -5 -5 -4 -5 -5 -4 -5 -4 -5 -4 -5 -4 -5 
-5 -4 -4 -4 -4 -5 -4 -4 -5 -5 -4 -4 -5 -4 -4 -5 -4 -4 -4 -4 -4 -4 -4 -4 -4 -4 -4 -4 -4 -4 -4 -4 -4 -4 -5 -4 -4 -4 -5 -4 -4 -4 -5 -4 -5 -5 -5 -5 -4 -5 -4 -4 -4 -5 -4 -4 -5 -4 -4 -4 -4 -5 -4 -4 -5 -4 -5 -4 -4 -4 -5 -4 -4 -4 -5 -5 -4 -5 -5 -5 -5 -4 -4 -5 -4 -5 -5 -4 -5 -4 -5 -4 -5 -4 -5 
-5 -4 -4 -4 -4 -5 -4 -4 -5 -5 -4 -4 -5 -5 -4 -5 -4 -4 -4 -4 -4 -4 -4 -4 -4 -4 -4 -5 -4 -4 -4 -4 -4 -4 -5 -4 -4 -4 -5 -4 -4 -4 -5 -4 -5 -5 -5 -5 -4 -5 -4 -4 -4 -5 -4 -4 -5 -4 -5 -4 -4 -5 -4 -4 -5 -4 -5 -4 -4 -4 -5 -4 -4 -4 -5 -5 -4 -5 -5 -5 -5 -4 -4 -5 -4 -5 -5 -4 -5 -4 -5 -4 -5 -4 -5 
-5 -5 -4 -4 -4 -5 -5 -4 -5 -5 -5 -5 -5 -5 -5 -5 -4 -5 -4 -4 -5 -4 -4 -4 -4 -4 -5 -5 -5 -5 -5 -4 -5 -4 -5 -4 -5 -5 -5 -5 -4 -4 -5 -4 -5 -5 -5 -5 -5 -5 -5 -5 -5 -5 -4 -5 -5 -5 -5 -4 -5 -5 -4 -4 -5 -4 -5 -4 -4 -4 -5 -5 -5 -5 -5 -5 -4 -5 -5 -5 -5 -4 -5 -5 -4 -5 -5 -4 -5 -4 -5 -4 -5 -4 -5 
-5 -5 -5 -5 -5 -5 -5 -5 -5 -5 -5 -5 -5 -5 -5 -5 -5 -5 -5 -5 -5 -5 -5 -5 -4 -5 -5 -5 -5 -5 -5 -5 -5 -5 -5 -5 -5 -5 -5 -5 -4 -4 -5 -5 -5 -5 -5 -5 -5 -5 -5 -5 -5 -5 -5 -5 -5 -5 -5 -5 -5 -5 -5 -5 -5 -5 -5 -4 -5 -4 -5 -5 -5 -5 -5 -5 -4 -5 -5 -5 -5 -5 -5 -5 -5 -5 -5 -5 -5 -4 -5 -5 -5 -5 -5 
-5 -5 -4 -4 -4 -5 -5 -4 -5 -5 -5 -5 -5 -5 -5 -5 -4 -5 -4 -4 -5 -4 -4 -4 -4 -4 -5 -5 -5 -5 -5 -4 -5 -4 -5 -4 -5 -5 -5 -5 -4 -4 -5 -4 -5 -5 -5 -5 -5 -5 -5 -5 -5 -5 -4 -5 -5 -5 -5 -5 -5 -5 -4 -5 -5 -4 -5 -4 -4 -4 -5 -5 -5 -5 -5 -5 -4 -5 -5 -5 -5 -5 -5 -5 -4 -5 -5 -4 -5 -4 -5 -4 -5 -4 -5 
-5 -5 -4 -4 -4 -5 -5 -4 -5 -5 -5 -5 -5 -5 -5 -5 -4 -5 -4 -4 -5 -4 -4 -4 -4 -4 -5 -5 -5 -4 -5 -4 -4 -4 -5 -4 -4 -5 -5 -5 -4 -4 -5 -4 -5 -5 -5 -5 -5 -5 -5 -5 -4 -5 -4 -5 -5 -4 -5 -4 -5 -5 -4 -4 -5 -4 -5 -4 -4 -4 -5 -5 -5 -5 -5 -5 -4 -5 -5 -5 -5 -4 -5 -5 -4 -5 -5 -4 -5 -4 -5 -4 -5 -4 -5 
-5 -5 -4 -4 -4 -5 -5 -4 -5 -5 -5 -5 -5 -5 -5 -5 -4 -5 -4 -4 -5 -4 -4 -5 -4 -4 -5 -5 -5 -5 -5 -4 -5 -4 -5 -4 -5 -5 -5 -5 -4 -4 -5 -4 -5 -5 -5 -5 -5 -5 -5 -5 -5 -5 -4 -5 -5 -5 -5 -5 -5 -5 -5 -5 -5 -4 -5 -4 -4 -4 -5 -5 -5 -5 -5 -5 -4 -5 -5 -5 -5 -5 -5 -5 -4 -5 -5 -4 -5 -4 -5 -4 -5 -4 -5 
-5 -5 -4 -4 -4 -5 -4 -4 -5 -5 -4 -4 -5 -5 -5 -5 -4 -4 -4 -4 -5 -4 -4 -4 -4 -4 -4 -5 -4 -4 -4 -4 -4 -4 -5 -4 -4 -5 -5 -4 -4 -4 -5 -4 -5 -5 -5 -5 -4 -5 -4 -4 -4 -5 -4 -5 -5 -4 -5 -4 -5 -5 -4 -4 -5 -4 -5 -4 -4 -4 -5 -4 -4 -4 -5 -5 -4 -5 -5 -5 -5 -4 -4 -5 -4 -5 -5 -4 -5 -4 -5 -4 -5 -4 -5 
-5 -5 -4 -4 -4 -5 -5 -4 -5 -5 -5 -5 -5 -5 -5 -5 -4 -5 -4 -4 -5 -4 -4 -4 -4 -4 -5 -5 -5 -4 -5 -4 -5 -4 -5 -4 -4 -5 -5 -5 -4 -4 -5 -4 -5 -5 -5 -5 -5 -5 -5 -5 -5 -5 -4 -5 -5 -4 -5 -4 -5 -5 -4 -4 -5 -4 -5 -4 -4 -4 -5 -5 -5 -5 -5 -5 -4 -5 -5 -5 -5 -4 -5 -5 -4 -5 -5 -4 -5 -4 -5 -4 -5 -4 -5 
-5 -5 -4 -4 -4 -5 -4 -4 -5 -5 -4 -4 -5 -5 -4 -5 -4 -4 -4 -4 -5 -4 -4 -4 -4 -4 -4 -5 -4 -4 -4 -4 -4 -4 -5 -4 -4 -5 -5 -4 -4 -4 -5 -4 -5 -5 -5 -5 -4 -5 -4 -4 -4 -5 -4 -4 -5 -4 -5 -4 -5 -5 -4 -4 -5 -4 -5 -4 -4 -4 -5 -4 -4 -4 -5 -5 -4 -5 -5 -5 -5 -4 -4 -5 -4 -5 -5 -4 -5 -4 -5 -4 -5 -4 -5 
-5 -5 -5 -5 -5 -5 -5 -5 -5 -6 -5 -5 -5 -5 -5 -5 -5 -5 -5 -5 -5 -5 -5 -5 -5 -5 -5 -5 -5 -5 -5 -5 -5 -5 -5 -5 -5 -5 -5 -5 -5 -5 -5 -5 -5 -5 -6 -5 -5 -5 -5 -5 -5 -6 -5 -5 -5 -5 -5 -5 -5 -6 -5 -5 -6 -5 -6 -5 -5 -5 -5 -5 -5 -5 -6 -6 -5 -6 -5 -5 -6 -5 -5 -6 -5 -5 -5 -5 -6 -5 -5 -5 -6 -5 -5 
-5 -5 -4 -4 -4 -5 -4 -4 -5 -5 -4 -4 -5 -5 -5 -5 -4 -4 -4 -4 -5 -4 -4 -4 -4 -4 -4 -5 -4 -4 -4 -4 -4 -4 -5 -4 -4 -5 -5 -4 -4 -4 -5 -4 -5 -5 -5 -5 -4 -5 -4 -4 -4 -5 -4 -5 -5 -4 -5 -4 -5 -5 -4 -4 -5 -4 -5 -4 -4 -4 -5 -4 -4 -4 -5 -5 -4 -5 -5 -5 -5 -4 -4 -5 -4 -5 -5 -4 -5 -4 -5 -4 -5 -4 -5 
-5 -5 -4 -4 -4 -5 -5 -4 -5 -5 -5 -5 -5 -5 -5 -5 -4 -5 -4 -4 -5 -4 -4 -4 -4 -4 -5 -5 -5 -4 -5 -4 -4 -4 -5 -4 -4 -5 -5 -5 -4 -4 -5 -4 -5 -5 -5 -5 -5 -5 -5 -5 -4 -5 -4 -5 -5 -4 -5 -4 -5 -5 -4 -4 -5 -4 -5 -4 -4 -4 -5 -5 -5 -5 -5 -5 -4 -5 -5 -5 -5 -4 -5 -5 -4 -5 -5 -4 -5 -4 -5 -4 -5 -4 -5 
-5 -5 -5 -5 -5 -5 -5 -4 -5 -5 -5 -5 -5 -5 -5 -5 -5 -5 -5 -5 -5 -5 -5 -5 -4 -4 -5 -5 -5 -5 -5 -5 -5 -5 -5 -5 -5 -5 -5 -5 -4 -4 -5 -5 -5 -5 -5 -5 -5 -5 -5 -5 -5 -5 -5 -5 -5 -5 -5 -5 -5 -5 -5 -5 -5 -5 -5 -4 -5 -4 -5 -5 -5 -5 -5 -5 -4 -5 -5 -5 -5 -5 -5 -5 -5 -5 -5 -5 -5 -4 -5 -5 -5 -5 -5 
-5 -5 -5 -5 -5 -5 -5 -5 -6 -6 -5 -5 -5 -5 -5 -5 -5 -5 -5 -5 -5 -5 -5 -5 -5 -5 -5 -5 -5 -5 -5 -5 -5 -5 -5 -5 -5 -5 -6 -5 -5 -5 -6 -5 -5 -5 -6 -6 -5 -5 -5 -5 -5 -6 -5 -5 -5 -5 -5 -5 -5 -6 -5 -5 -6 -5 -6 -5 -5 -5 -6 -5 -5 -5 -6 -6 -5 -6 -5 -5 -6 -5 -5 -6 -5 -5 -5 -5 -6 -5 -5 -5 -6 -5 -6 
-5 -5 -4 -4 -4 -5 -5 -4 -5 -5 -5 -5 -5 -5 -5 -5 -4 -5 -4 -4 -5 -4 -4 -4 -4 -4 -5 -5 -5 -5 -5 -4 -5 -4 -5 -4 -5 -5 -5 -5 -4 -4 -5 -4 -5 -5 -5 -5 -5 -5 -5 -5 -5 -5 -4 -5 -5 -5 -5 -5 -5 -5 -5 -5 -5 -4 -5 -4 -4 -4 -5 -5 -5 -5 -5 -5 -4 -5 -5 -5 -5 -5 -5 -5 -4 -5 -5 -4 -5 -4 -5 -4 -5 -4 -5 
-5 -4 -4 -4 -4 -5 -4 -4 -5 -5 -4 -4 -5 -4 -4 -5 -4 -4 -4 -4 -4 -4 -4 -4 -4 -4 -4 -4 -4 -4 -4 -4 -4 -4 -5 -4 -4 -4 -5 -4 -4 -4 -5 -4 -5 -5 -5 -5 -4 -5 -4 -4 -4 -5 -4 -4 -5 -4 -4 -4 -4 -5 -4 -4 -5 -4 -5 -4 -4 -4 -5 -4 -4 -4 -5 -5 -4 -5 -5 -5 -5 -4 -4 -5 -4 -5 -5 -4 -5 -4 -5 -4 -5 -4 -5 
-5 -4 -4 -4 -4 -5 -4 -4 -5 -5 -4 -4 -5 -4 -4 -5 -4 -4 -4 -4 -4 -4 -4 -4 -4 -4 -4 -4 -4 -4 -4 -4 -4 -4 -5 -4 -4 -4 -5 -4 -4 -4 -5 -4 -5 -5 -5 -5 -4 -5 -4 -4 -4 -5 -4 -4 -5 -4 -4 -4 -4 -5 -4 -4 -5 -4 -5 -4 -4 -4 -5 -4 -4 -4 -5 -5 -4 -5 -5 -5 -5 -4 -4 -5 -4 -5 -5 -4 -5 -4 -5 -4 -5 -4 -5 
-5 -5 -5 -5 -5 -5 -5 -5 -6 -6 -5 -5 -5 -5 -5 -5 -5 -5 -5 -5 -5 -5 -5 -5 -5 -5 -5 -5 -5 -5 -5 -5 -5 -5 -5 -5 -5 -5 -6 -5 -5 -5 -5 -5 -5 -5 -6 -5 -5 -5 -5 -5 -5 -6 -5 -5 -5 -5 -5 -5 -5 -6 -5 -5 -6 -5 -6 -5 -5 -5 -5 -5 -5 -5 -6 -6 -5 -6 -5 -5 -6 -5 -5 -6 -5 -5 -5 -5 -6 -5 -5 -5 -6 -5 -5 
-5 -5 -4 -4 -4 -5 -4 -4 -5 -5 -4 -5 -5 -5 -5 -5 -4 -4 -4 -4 -5 -4 -4 -4 -4 -4 -4 -5 -4 -4 -4 -4 -4 -4 -5 -4 -4 -5 -5 -4 -4 -4 -5 -4 -5 -5 -5 -5 -5 -5 -4 -5 -4 -5 -4 -5 -5 -4 -5 -4 -5 -5 -4 -4 -5 -4 -5 -4 -4 -4 -5 -5 -5 -4 -5 -5 -4 -5 -5 -5 -5 -4 -4 -5 -4 -5 -5 -4 -5 -4 -5 -4 -5 -4 -5 
-5 -5 -5 -5 -5 -5 -5 -5 -5 -5 -5 -5 -5 -5 -5 -5 -5 -5 -5 -5 -5 -5 -5 -5 -5 -5 -5 -5 -5 -5 -5 -5 -5 -5 -5 -5 -5 -5 -5 -5 -5 -5 -5 -5 -5 -5 -5 -5 -5 -5 -5 -5 -5 -5 -5 -5 -5 -5 -5 -5 -5 -5 -5 -5 -5 -5 -5 -5 -5 -5 -5 -5 -5 -5 -5 -5 -5 -5 -5 -5 -5 -5 -5 -5 -5 -5 -5 -5 -5 -5 -5 -5 -5 -5 -5 
-5 -5 -5 -5 -5 -5 -5 -5 -5 -6 -5 -5 -5 -5 -5 -5 -5 -5 -5 -5 -5 -5 -5 -5 -5 -5 -5 -5 -5 -5 -5 -5 -5 -5 -5 -5 -5 -5 -5 -5 -5 -5 -5 -5 -5 -5 -5 -5 -5 -5 -5 -5 -5 -6 -5 -5 -5 -5 -5 -5 -5 -6 -5 -5 -6 -5 -6 -5 -5 -5 -5 -5 -5 -5 -6 -6 -5 -6 -5 -5 -6 -5 -5 -6 -5 -5 -5 -5 -6 -5 -5 -5 -6 -5 -5 
-5 -5 -5 -5 -5 -6 -5 -5 -6 -6 -5 -5 -5 -5 -5 -5 -5 -5 -5 -5 -5 -5 -5 -5 -5 -5 -5 -5 -5 -5 -5 -5 -5 -5 -6 -5 -5 -5 -6 -5 -5 -5 -6 -5 -5 -5 -6 -6 -5 -5 -5 -5 -5 -6 -5 -5 -5 -5 -5 -5 -5 -6 -5 -5 -6 -5 -6 -5 -5 -5 -6 -5 -5 -5 -6 -6 -5 -6 -5 -5 -6 -5 -5 -6 -5 -5 -5 -5 -6 -5 -6 -5 -6 -5 -6 
-5 -5 -5 -5 -5 -5 -5 -5 -6 -6 -5 -5 -5 -5 -5 -5 -5 -5 -5 -5 -5 -5 -5 -5 -5 -5 -5 -5 -5 -5 -5 -5 -5 -5 -5 -5 -5 -5 -6 -5 -5 -5 -5 -5 -5 -5 -6 -5 -5 -5 -5 -5 -5 -6 -5 -5 -5 -5 -5 -5 -5 -6 -5 -5 -6 -5 -6 -5 -5 -5 -5 -5 -5 -5 -6 -6 -5 -6 -5 -5 -6 -5 -5 -6 -5 -5 -5 -5 -6 -5 -5 -5 -6 -5 -5 
-5 -5 -4 -4 -4 -5 -5 -4 -5 -5 -5 -5 -5 -5 -5 -5 -5 -5 -4 -4 -5 -4 -5 -5 -4 -4 -5 -5 -5 -5 -5 -4 -5 -4 -5 -4 -5 -5 -5 -5 -4 -4 -5 -5 -5 -5 -5 -5 -5 -5 -5 -5 -5 -5 -4 -5 -5 -5 -5 -5 -5 -5 -5 -5 -5 -4 -5 -4 -4 -4 -5 -5 -5 -5 -5 -5 -4 -5 -5 -5 -5 -5 -5 -5 -4 -5 -5 -4 -5 -4 -5 -5 -5 -5 -5 
-5 -5 -5 -5 -5 -5 -5 -5 -5 -5 -5 -5 -5 -5 -5 -5 -5 -5 -5 -5 -5 -5 -5 -5 -5 -5 -5 -5 -5 -5 -5 -5 -5 -5 -5 -5 -5 -5 -5 -5 -5 -5 -5 -5 -5 -5 -5 -5 -5 -5 -5 -5 -5 -5 -5 -5 -5 -5 -5 -5 -5 -5 -5 -5 -5 -5 -5 -5 -5 -5 -5 -5 -5 -5 -5 -5 -5 -5 -5 -5 -5 -5 -5 -5 -5 -5 -5 -5 -5 -5 -5 -5 -5 -5 -5 
-5 -5 -4 -4 -4 -5 -5 -4 -5 -5 -5 -5 -5 -5 -5 -5 -4 -5 -4 -4 -5 -4 -4 -5 -4 -4 -5 -5 -5 -5 -5 -4 -5 -4 -5 -4 -5 -5 -5 -5 -4 -4 -5 -4 -5 -5 -5 -5 -5 -5 -5 -5 -5 -5 -4 -5 -5 -5 -5 -5 -5 -5 -5 -5 -5 -4 -5 -4 -4 -4 -5 -5 -5 -5 -5 -5 -4 -5 -5 -5 -5 -5 -5 -5 -4 -5 -5 -4 -5 -4 -5 -4 -5 -4 -5 
-5 -5 -4 -4 -4 -5 -5 -4 -5 -5 -5 -5 -5 -5 -5 -5 -4 -5 -4 -4 -5 -4 -4 -5 -4 -4 -5 -5 -5 -5 -5 -4 -5 -4 -5 -4 -5 -5 -5 -5 -4 -4 -5 -5 -5 -5 -5 -5 -5 -5 -5 -5 -5 -5 -4 -5 -5 -5 -5 -5 -5 -5 -5 -5 -5 -4 -5 -4 -4 -4 -5 -5 -5 -5 -5 -5 -4 -5 -5 -5 -5 -5 -5 -5 -4 -5 -5 -4 -5 -4 -5 -4 -5 -4 -5 
-5 -5 -4 -4 -4 -5 -5 -4 -5 -5 -5 -5 -5 -5 -5 -5 -4 -5 -4 -4 -5 -4 -4 -4 -4 -4 -5 -5 -5 -4 -5 -4 -5 -4 -5 -4 -4 -5 -5 -5 -4 -4 -5 -4 -5 -5 -5 -5 -5 -5 -5 -5 -5 -5 -4 -5 -5 -5 -5 -4 -5 -5 -4 -4 -5 -4 -5 -4 -4 -4 -5 -5 -5 -5 -5 -5 -4 -5 -5 -5 -5 -4 -5 -5 -4 -5 -5 -4 -5 -4 -5 -4 -5 -4 -5 
-5 -5 -5 -5 -5 -6 -5 -5 -6 -6 -5 -5 -6 -5 -5 -6 -5 -5 -5 -5 -5 -5 -5 -5 -5 -5 -5 -5 -5 -5 -5 -5 -5 -5 -6 -5 -5 -5 -6 -5 -5 -5 -6 -5 -5 -6 -6 -6 -5 -5 -5 -5 -5 -6 -5 -5 -5 -5 -5 -5 -5 -6 -5 -5 -6 -5 -6 -5 -5 -5 -6 -5 -5 -5 -6 -6 -5 -6 -6 -5 -6 -5 -5 -6 -5 -6 -5 -5 -6 -5 -6 -5 -6 -5 -6 
-5 -4 -4 -4 -4 -5 -4 -4 -5 -5 -4 -4 -5 -5 -4 -5 -4 -4 -4 -4 -5 -4 -4 -4 -4 -4 -4 -5 -4 -4 -4 -4 -4 -4 -5 -4 -4 -5 -5 -4 -4 -4 -5 -4 -5 -5 -5 -5 -4 -5 -4 -4 -4 -5 -4 -4 -5 -4 -5 -4 -5 -5 -4 -4 -5 -4 -5 -4 -4 -4 -5 -4 -4 -4 -5 -5 -4 -5 -5 -5 -5 -4 -4 -5 -4 -5 -5 -4 -5 -4 -5 -4 -5 -4 -5 
-5 -5 -5 -5 -4 -5 -5 -4 -5 -5 -5 -5 -5 -5 -5 -5 -5 -5 -5 -5 -5 -4 -5 -5 -4 -4 -5 -5 -5 -5 -5 -5 -5 -4 -5 -5 -5 -5 -5 -5 -4 -4 -5 -5 -5 -5 -5 -5 -5 -5 -5 -5 -5 -5 -4 -5 -5 -5 -5 -5 -5 -5 -5 -5 -5 -4 -5 -4 -5 -4 -5 -5 -5 -5 -5 -5 -4 -5 -5 -5 -5 -5 -5 -5 -4 -5 -5 -4 -5 -4 -5 -5 -5 -5 -5 
-5 -5 -5 -5 -5 -5 -5 -5 -5 -5 -5 -5 -5 -5 -5 -5 -5 -5 -5 -5 -5 -5 -5 -5 -5 -5 -5 -5 -5 -5 -5 -5 -5 -5 -5 -5 -5 -5 -5 -5 -5 -5 -5 -5 -5 -5 -5 -5 -5 -5 -5 -5 -5 -5 -5 -5 -5 -5 -5 -5 -5 -5 -5 -5 -5 -5 -5 -5 -5 -5 -5 -5 -5 -5 -5 -5 -5 -5 -5 -5 -5 -5 -5 -5 -5 -5 -5 -5 -5 -5 -5 -5 -5 -5 -5 
-5 -5 -4 -4 -4 -5 -5 -4 -5 -5 -5 -5 -5 -5 -5 -5 -4 -5 -4 -4 -5 -4 -4 -4 -4 -4 -5 -5 -5 -4 -5 -4 -4 -4 -5 -4 -4 -5 -5 -5 -4 -4 -5 -4 -5 -5 -5 -5 -5 -5 -5 -5 -5 -5 -4 -5 -5 -4 -5 -4 -5 -5 -4 -4 -5 -4 -5 -4 -4 -4 -5 -5 -5 -5 -5 -5 -4 -5 -5 -5 -5 -4 -5 -5 -4 -5 -5 -4 -5 -4 -5 -4 -5 -4 -5 
-5 -5 -5 -5 -5 -5 -5 -4 -5 -5 -5 -5 -5 -5 -5 -5 -5 -5 -5 -5 -5 -5 -5 -5 -4 -5 -5 -5 -5 -5 -5 -5 -5 -5 -5 -5 -5 -5 -5 -5 -4 -4 -5 -5 -5 -5 -5 -5 -5 -5 -5 -5 -5 -5 -5 -5 -5 -5 -5 -5 -5 -5 -5 -5 -5 -5 -5 -4 -5 -4 -5 -5 -5 -5 -5 -5 -4 -5 -5 -5 -5 -5 -5 -5 -5 -5 -5 -5 -5 -4 -5 -5 -5 -5 -5 
-5 -5 -4 -4 -4 -5 -5 -4 -5 -5 -5 -5 -5 -5 -5 -5 -4 -5 -4 -4 -5 -4 -4 -4 -4 -4 -4 -5 -5 -4 -5 -4 -4 -4 -5 -4 -4 -5 -5 -5 -4 -4 -5 -4 -5 -5 -5 -5 -5 -5 -5 -5 -4 -5 -4 -5 -5 -4 -5 -4 -5 -5 -4 -4 -5 -4 -5 -4 -4 -4 -5 -5 -5 -5 -5 -5 -4 -5 -5 -5 -5 -4 -5 -5 -4 -5 -5 -4 -5 -4 -5 -4 -5 -4 -5 
-5 -5 -5 -5 -5 -5 -5 -4 -5 -5 -5 -5 -5 -5 -5 -5 -5 -5 -5 -5 -5 -5 -5 -5 -4 -4 -5 -5 -5 -5 -5 -5 -5 -5 -5 -5 -5 -5 -5 -5 -4 -4 -5 -5 -5 -5 -5 -5 -5 -5 -5 -5 -5 -5 -5 -5 -5 -5 -5 -5 -5 -5 -5 -5 -5 -5 -5 -4 -5 -4 -5 -5 -5 -5 -5 -5 -4 -5 -5 -5 -5 -5 -5 -5 -5 -5 -5 -5 -5 -4 -5 -5 -5 -5 -5 
-5 -5 -5 -5 -5 -6 -5 -5 -6 -6 -5 -5 -5 -5 -5 -6 -5 -5 -5 -5 -5 -5 -5 -5 -5 -5 -5 -5 -5 -5 -5 -5 -5 -5 -6 -5 -5 -5 -6 -5 -5 -5 -6 -5 -5 -6 -6 -6 -5 -5 -5 -5 -5 -6 -5 -5 -5 -5 -5 -5 -5 -6 -5 -5 -6 -5 -6 -5 -5 -5 -6 -5 -5 -5 -6 -6 -5 -6 -6 -5 -6 -5 -5 -6 -5 -6 -5 -5 -6 -5 -6 -5 -6 -5 -6 
-5 -5 -4 -4 -4 -5 -5 -4 -5 -5 -4 -5 -5 -5 -5 -5 -4 -5 -4 -4 -5 -4 -4 -4 -4 -4 -4 -5 -4 -4 -5 -4 -4 -4 -5 -4 -4 -5 -5 -5 -4 -4 -5 -4 -5 -5 -5 -5 -5 -5 -5 -5 -4 -5 -4 -5 -5 -4 -5 -4 -5 -5 -4 -4 -5 -4 -5 -4 -4 -4 -5 -5 -5 -5 -5 -5 -4 -5 -5 -5 -5 -4 -5 -5 -4 -5 -5 -4 -5 -4 -5 -4 -5 -4 -5 
-5 -5 -4 -4 -4 -5 -5 -4 -5 -5 -4 -5 -5 -5 -5 -5 -4 -5 -4 -4 -5 -4 -4 -4 -4 -4 -4 -5 -5 -4 -5 -4 -4 -4 -5 -4 -4 -5 -5 -5 -4 -4 -5 -4 -5 -5 -5 -5 -5 -5 -5 -5 -4 -5 -4 -5 -5 -4 -5 -4 -5 -5 -4 -4 -5 -4 -5 -4 -4 -4 -5 -5 -5 -5 -5 -5 -4 -5 -5 -5 -5 -4 -5 -5 -4 -5 -5 -4 -5 -4 -5 -4 -5 -4 -5 
-5 -5 -5 -5 -5 -6 -5 -5 -6 -6 -5 -5 -6 -5 -5 -6 -5 -5 -5 -5 -5 -5 -5 -5 -5 -5 -5 -5 -5 -5 -5 -5 -5 -5 -6 -5 -5 -5 -6 -5 -5 -5 -6 -5 -5 -6 -6 -6 -5 -5 -5 -5 -5 -6 -5 -5 -5 -5 -5 -5 -5 -6 -5 -5 -6 -5 -6 -5 -5 -5 -6 -5 -5 -5 -6 -6 -5 -6 -6 -5 -6 -5 -5 -6 -5 -6 -5 -5 -6 -5 -6 -5 -6 -5 -6 
-5 -4 -4 -4 -4 -5 -4 -4 -5 -5 -4 -4 -5 -5 -4 -5 -4 -4 -4 -4 -5 -4 -4 -4 -4 -4 -4 -5 -4 -4 -4 -4 -4 -4 -5 -4 -4 -5 -5 -4 -4 -4 -5 -4 -5 -5 -5 -5 -4 -5 -4 -4 -4 -5 -4 -4 -5 -4 -5 -4 -5 -5 -4 -4 -5 -4 -5 -4 -4 -4 -5 -4 -4 -4 -5 -5 -4 -5 -5 -5 -5 -4 -4 -5 -4 -5 -5 -4 -5 -4 -5 -4 -5 -4 -5 
-5 -5 -5 -5 -5 -6 -5 -5 -6 -6 -5 -5 -6 -5 -5 -6 -5 -5 -5 -5 -5 -5 -5 -5 -5 -5 -5 -5 -5 -5 -5 -5 -5 -5 -6 -5 -5 -5 -6 -5 -5 -5 -6 -5 -5 -6 -6 -6 -5 -5 -5 -5 -5 -6 -5 -5 -5 -5 -5 -5 -5 -6 -5 -5 -6 -5 -6 -5 -5 -5 -6 -5 -5 -5 -6 -6 -5 -6 -6 -5 -6 -5 -5 -6 -5 -6 -5 -5 -6 -5 -6 -5 -6 -5 -6 
-5 -4 -4 -4 -4 -5 -4 -4 -5 -5 -4 -4 -5 -4 -4 -5 -4 -4 -4 -4 -4 -4 -4 -4 -4 -4 -4 -4 -4 -4 -4 -4 -4 -4 -5 -4 -4 -4 -5 -4 -4 -4 -5 -4 -5 -5 -5 -5 -4 -5 -4 -4 -4 -5 -4 -4 -5 -4 -4 -4 -4 -5 -4 -4 -5 -4 -5 -4 -4 -4 -5 -4 -4 -4 -5 -5 -4 -5 -5 -5 -5 -4 -4 -5 -4 -5 -5 -4 -5 -4 -5 -4 -5 -4 -5 
-5 -5 -4 -4 -4 -5 -4 -4 -5 -5 -4 -4 -5 -5 -5 -5 -4 -4 -4 -4 -5 -4 -4 -4 -4 -4 -4 -5 -4 -4 -4 -4 -4 -4 -5 -4 -4 -5 -5 -4 -4 -4 -5 -4 -5 -5 -5 -5 -4 -5 -4 -4 -4 -5 -4 -5 -5 -4 -5 -4 -5 -5 -4 -4 -5 -4 -5 -4 -4 -4 -5 -4 -5 -4 -5 -5 -4 -5 -5 -5 -5 -4 -4 -5 -4 -5 -5 -4 -5 -4 -5 -4 -5 -4 -5 
-5 -4 -4 -4 -4 -5 -4 -4 -5 -5 -4 -4 -5 -4 -4 -5 -4 -4 -4 -4 -4 -4 -4 -4 -4 -4 -4 -4 -4 -4 -4 -4 -4 -4 -5 -4 -4 -4 -5 -4 -4 -4 -5 -4 -5 -5 -5 -5 -4 -5 -4 -4 -4 -5 -4 -4 -5 -4 -4 -4 -4 -5 -4 -4 -5 -4 -5 -4 -4 -4 -5 -4 -4 -4 -5 -5 -4 -5 -5 -5 -5 -4 -4 -5 -4 -5 -5 -4 -5 -4 -5 -4 -5 -4 -5 
-5 -5 -5 -5 -5 -5 -5 -5 -6 -6 -5 -5 -5 -5 -5 -5 -5 -5 -5 -5 -5 -5 -5 -5 -5 -5 -5 -5 -5 -5 -5 -5 -5 -5 -5 -5 -5 -5 -6 -5 -5 -5 -5 -5 -5 -5 -6 -5 -5 -5 -5 -5 -5 -6 -5 -5 -5 -5 -5 -5 -5 -6 -5 -5 -6 -5 -6 -5 -5 -5 -5 -5 -5 -5 -6 -6 -5 -6 -5 -5 -6 -5 -5 -6 -5 -5 -5 -5 -6 -5 -5 -5 -6 -5 -5 
-5 -5 -4 -4 -4 -5 -5 -4 -5 -5 -5 -5 -5 -5 -5 -5 -4 -5 -4 -4 -5 -4 -4 -5 -4 -4 -5 -5 -5 -5 -5 -4 -5 -4 -5 -4 -5 -5 -5 -5 -4 -4 -5 -5 -5 -5 -5 -5 -5 -5 -5 -5 -5 -5 -4 -5 -5 -5 -5 -5 -5 -5 -5 -5 -5 -4 -5 -4 -4 -4 -5 -5 -5 -5 -5 -5 -4 -5 -5 -5 -5 -5 -5 -5 -4 -5 -5 -4 -5 -4 -5 -4 -5 -4 -5 
-5 -5 -4 -4 -4 -5 -5 -4 -5 -5 -5 -5 -5 -5 -5 -5 -5 -5 -4 -4 -5 -4 -5 -5 -4 -4 -5 -5 -5 -5 -5 -4 -5 -4 -5 -4 -5 -5 -5 -5 -4 -4 -5 -5 -5 -5 -5 -5 -5 -5 -5 -5 -5 -5 -4 -5 -5 -5 -5 -5 -5 -5 -5 -5 -5 -4 -5 -4 -5 -4 -5 -5 -5 -5 -5 -5 -4 -5 -5 -5 -5 -5 -5 -5 -4 -5 -5 -4 -5 -4 -5 -5 -5 -5 -5 
-5 -5 -4 -4 -4 -5 -5 -4 -5 -5 -5 -5 -5 -5 -5 -5 -4 -5 -4 -4 -5 -4 -4 -4 -4 -4 -5 -5 -5 -5 -5 -4 -5 -4 -5 -4 -5 -5 -5 -5 -4 -4 -5 -4 -5 -5 -5 -5 -5 -5 -5 -5 -5 -5 -4 -5 -5 -5 -5 -5 -5 -5 -5 -5 -5 -4 -5 -4 -4 -4 -5 -5 -5 -5 -5 -5 -4 -5 -5 -5 -5 -5 -5 -5 -4 -5 -5 -4 -5 -4 -5 -4 -5 -4 -5 
-5 -5 -5 -5 -5 -6 -5 -5 -6 -6 -5 -5 -6 -5 -5 -6 -5 -5 -5 -5 -5 -5 -5 -5 -5 -5 -5 -5 -5 -5 -5 -5 -5 -5 -6 -5 -5 -5 -6 -5 -5 -5 -6 -5 -5 -6 -6 -6 -5 -5 -5 -5 -5 -6 -5 -5 -5 -5 -5 -5 -5 -6 -5 -5 -6 -5 -6 -5 -5 -5 -6 -5 -5 -5 -6 -6 -5 -6 -6 -6 -6 -5 -5 -6 -5 -6 -6 -5 -6 -5 -6 -5 -6 -5 -6 
-5 -5 -5 -5 -5 -6 -5 -5 -6 -6 -5 -5 -6 -5 -5 -6 -5 -5 -5 -5 -5 -5 -5 -5 -5 -5 -5 -5 -5 -5 -5 -5 -5 -5 -6 -5 -5 -5 -6 -5 -5 -5 -6 -5 -5 -6 -6 -6 -5 -5 -5 -5 -5 -6 -5 -5 -5 -5 -5 -5 -5 -6 -5 -5 -6 -5 -6 -5 -5 -5 -6 -5 -5 -5 -6 -6 -5 -6 -6 -5 -6 -5 -5 -6 -5 -6 -5 -5 -6 -5 -6 -5 -6 -5 -6 
-5 -4 -4 -4 -4 -5 -4 -4 -5 -5 -4 -4 -5 -4 -4 -5 -4 -4 -4 -4 -4 -4 -4 -4 -4 -4 -4 -4 -4 -4 -4 -4 -4 -4 -5 -4 -4 -4 -5 -4 -4 -4 -5 -4 -5 -5 -5 -5 -4 -5 -4 -4 -4 -5 -4 -4 -5 -4 -4 -4 -4 -5 -4 -4 -5 -4 -5 -4 -4 -4 -5 -4 -4 -4 -5 -5 -4 -5 -5 -5 -5 -4 -4 -5 -4 -5 -5 -4 -5 -4 -5 -4 -5 -4 -5 
-5 -5 -5 -5 -5 -6 -5 -5 -6 -6 -5 -5 -6 -5 -5 -6 -5 -5 -5 -5 -5 -5 -5 -5 -5 -5 -5 -5 -5 -5 -5 -5 -5 -5 -6 -5 -5 -5 -6 -5 -5 -5 -6 -5 -5 -6 -6 -6 -5 -5 -5 -5 -5 -6 -5 -5 -5 -5 -5 -5 -5 -6 -5 -5 -6 -5 -6 -5 -5 -5 -6 -5 -5 -5 -6 -6 -5 -6 -6 -6 -6 -5 -5 -6 -5 -6 -6 -5 -6 -5 -6 -5 -6 -5 -6 
-5 -5 -5 -5 -5 -5 -5 -5 -5 -6 -5 -5 -5 -5 -5 -5 -5 -5 -5 -5 -5 -5 -5 -5 -5 -5 -5 -5 -5 -5 -5 -5 -5 -5 -5 -5 -5 -5 -5 -5 -5 -5 -5 -5 -5 -5 -5 -5 -5 -5 -5 -5 -5 -6 -5 -5 -5 -5 -5 -5 -5 -6 -5 -5 -6 -5 -6 -5 -5 -5 -5 -5 -5 -5 -6 -6 -5 -6 -5 -5 -6 -5 -5 -6 -5 -5 -5 -5 -6 -5 -5 -5 -6 -5 -5 
-5 -5 -5 -5 -5 -5 -5 -5 -5 -5 -5 -5 -5 -5 -5 -5 -5 -5 -5 -5 -5 -5 -5 -5 -5 -5 -5 -5 -5 -5 -5 -5 -5 -5 -5 -5 -5 -5 -5 -5 -5 -5 -5 -5 -5 -5 -5 -5 -5 -5 -5 -5 -5 -5 -5 -5 -5 -5 -5 -5 -5 -5 -5 -5 -5 -5 -5 -5 -5 -5 -5 -5 -5 -5 -6 -5 -5 -6 -5 -5 -5 -5 -5 -6 -5 -5 -5 -5 -5 -5 -5 -5 -6 -5 -5 
-5 -5 -5 -5 -5 -6 -5 -5 -6 -6 -5 -5 -5 -5 -5 -6 -5 -5 -5 -5 -5 -5 -5 -5 -5 -5 -5 -5 -5 -5 -5 -5 -5 -5 -6 -5 -5 -5 -6 -5 -5 -5 -6 -5 -5 -6 -6 -6 -5 -5 -5 -5 -5 -6 -5 -5 -5 -5 -5 -5 -5 -6 -5 -5 -6 -5 -6 -5 -5 -5 -6 -5 -5 -5 -6 -6 -5 -6 -6 -5 -6 -5 -5 -6 -5 -6 -5 -5 -6 -5 -6 -5 -6 -5 -6 
-5 -5 -4 -4 -4 -5 -5 -4 -5 -5 -5 -5 -5 -5 -5 -5 -4 -5 -4 -4 -5 -4 -4 -4 -4 -4 -4 -5 -5 -4 -5 -4 -4 -4 -5 -4 -4 -5 -5 -5 -4 -4 -5 -4 -5 -5 -5 -5 -5 -5 -5 -5 -4 -5 -4 -5 -5 -4 -5 -4 -5 -5 -4 -4 -5 -4 -5 -4 -4 -4 -5 -5 -5 -5 -5 -5 -4 -5 -5 -5 -5 -4 -5 -5 -4 -5 -5 -4 -5 -4 -5 -4 -5 -4 -5 
-5 -5 -4 -4 -4 -5 -5 -4 -5 -5 -5 -5 -5 -5 -5 -5 -4 -5 -4 -4 -5 -4 -4 -5 -4 -4 -5 -5 -5 -5 -5 -4 -5 -4 -5 -4 -5 -5 -5 -5 -4 -4 -5 -4 -5 -5 -5 -5 -5 -5 -5 -5 -5 -5 -4 -5 -5 -5 -5 -5 -5 -5 -5 -5 -5 -4 -5 -4 -4 -4 -5 -5 -5 -5 -5 -5 -4 -5 -5 -5 -5 -5 -5 -5 -4 -5 -5 -4 -5 -4 -5 -4 -5 -4 -5 
-5 -5 -5 -5 -5 -6 -5 -5 -6 -6 -5 -5 -6 -5 -5 -6 -5 -5 -5 -5 -5 -5 -5 -5 -5 -5 -5 -5 -5 -5 -5 -5 -5 -5 -6 -5 -5 -5 -6 -5 -5 -5 -6 -5 -5 -6 -6 -6 -5 -5 -5 -5 -5 -6 -5 -5 -5 -5 -5 -5 -5 -6 -5 -5 -6 -5 -6 -5 -5 -5 -6 -5 -5 -5 -6 -6 -5 -6 -6 -6 -6 -5 -5 -6 -5 -6 -6 -5 -6 -5 -6 -5 -6 -5 -6 
-5 -5 -4 -4 -4 -5 -4 -4 -5 -5 -4 -4 -5 -5 -4 -5 -4 -4 -4 -4 -5 -4 -4 -4 -4 -4 -4 -5 -4 -4 -4 -4 -4 -4 -5 -4 -4 -5 -5 -4 -4 -4 -5 -4 -5 -5 -5 -5 -4 -5 -4 -4 -4 -5 -4 -4 -5 -4 -5 -4 -5 -5 -4 -4 -5 -4 -5 -4 -4 -4 -5 -4 -4 -4 -5 -5 -4 -5 -5 -5 -5 -4 -4 -5 -4 -5 -5 -4 -5 -4 -5 -4 -5 -4 -5 
-5 -5 -5 -5 -5 -5 -5 -5 -5 -6 -5 -5 -5 -5 -5 -5 -5 -5 -5 -5 -5 -5 -5 -5 -5 -5 -5 -5 -5 -5 -5 -5 -5 -5 -5 -5 -5 -5 -5 -5 -5 -5 -5 -5 -5 -5 -5 -5 -5 -5 -5 -5 -5 -6 -5 -5 -5 -5 -5 -5 -5 -6 -5 -5 -6 -5 -6 -5 -5 -5 -5 -5 -5 -5 -6 -6 -5 -6 -5 -5 -6 -5 -5 -6 -5 -5 -5 -5 -6 -5 -5 -5 -6 -5 -5 
-5 -5 -5 -5 -5 -5 -5 -5 -5 -5 -5 -5 -5 -5 -5 -5 -5 -5 -5 -5 -5 -5 -5 -5 -5 -5 -5 -5 -5 -5 -5 -5 -5 -5 -5 -5 -5 -5 -5 -5 -5 -5 -5 -5 -5 -5 -5 -5 -5 -5 -5 -5 -5 -5 -5 -5 -5 -5 -5 -5 -5 -5 -5 -5 -5 -5 -5 -5 -5 -5 -5 -5 -5 -5 -6 -5 -5 -6 -5 -5 -5 -5 -5 -6 -5 -5 -5 -5 -5 -5 -5 -5 -6 -5 -5 
-5 -5 -4 -4 -4 -5 -4 -4 -5 -5 -4 -4 -5 -5 -4 -5 -4 -4 -4 -4 -5 -4 -4 -4 -4 -4 -4 -5 -4 -4 -4 -4 -4 -4 -5 -4 -4 -5 -5 -4 -4 -4 -5 -4 -5 -5 -5 -5 -4 -5 -4 -4 -4 -5 -4 -4 -5 -4 -5 -4 -5 -5 -4 -4 -5 -4 -5 -4 -4 -4 -5 -4 -4 -4 -5 -5 -4 -5 -5 -5 -5 -4 -4 -5 -4 -5 -5 -4 -5 -4 -5 -4 -5 -4 -5 
-5 -5 -5 -5 -5 -6 -5 -5 -6 -6 -5 -5 -6 -5 -5 -6 -5 -5 -5 -5 -5 -5 -5 -5 -5 -5 -5 -5 -5 -5 -5 -5 -5 -5 -6 -5 -5 -5 -6 -5 -5 -5 -6 -5 -5 -6 -6 -6 -5 -5 -5 -5 -5 -6 -5 -5 -5 -5 -5 -5 -5 -6 -5 -5 -6 -5 -6 -5 -5 -5 -6 -5 -5 -5 -6 -6 -5 -6 -6 -5 -6 -5 -5 -6 -5 -6 -5 -5 -6 -5 -6 -5 -6 -5 -6 
-5 -4 -4 -4 -4 -5 -4 -4 -5 -5 -4 -4 -5 -4 -4 -5 -4 -4 -4 -4 -4 -4 -4 -4 -4 -4 -4 -4 -4 -4 -4 -4 -4 -4 -5 -4 -4 -4 -5 -4 -4 -4 -5 -4 -5 -5 -5 -5 -4 -5 -4 -4 -4 -5 -4 -4 -5 -4 -4 -4 -4 -5 -4 -4 -5 -4 -5 -4 -4 -4 -5 -4 -4 -4 -5 -5 -4 -5 -5 -5 -5 -4 -4 -5 -4 -5 -5 -4 -5 -4 -5 -4 -5 -4 -5 
-5 -5 -5 -5 -5 -5 -5 -5 -6 -6 -5 -5 -5 -5 -5 -5 -5 -5 -5 -5 -5 -5 -5 -5 -5 -5 -5 -5 -5 -5 -5 -5 -5 -5 -5 -5 -5 -5 -5 -5 -5 -5 -5 -5 -5 -5 -6 -5 -5 -5 -5 -5 -5 -6 -5 -5 -5 -5 -5 -5 -5 -6 -5 -5 -6 -5 -6 -5 -5 -5 -5 -5 -5 -5 -6 -6 -5 -6 -5 -5 -6 -5 -5 -6 -5 -5 -5 -5 -6 -5 -5 -5 -6 -5 -5 
-5 -5 -4 -4 -4 -5 -4 -4 -5 -5 -4 -4 -5 -5 -5 -5 -4 -4 -4 -4 -5 -4 -4 -4 -4 -4 -4 -5 -4 -4 -4 -4 -4 -4 -5 -4 -4 -5 -5 -4 -4 -4 -5 -4 -5 -5 -5 -5 -5 -5 -4 -4 -4 -5 -4 -5 -5 -4 -5 -4 -5 -5 -4 -4 -5 -4 -5 -4 -4 -4 -5 -4 -5 -4 -5 -5 -4 -5 -5 -5 -5 -4 -4 -5 -4 -5 -5 -4 -5 -4 -5 -4 -5 -4 -5 
-5 -5 -5 -5 -5 -6 -5 -5 -6 -6 -5 -5 -6 -5 -5 -6 -5 -5 -5 -5 -5 -5 -5 -5 -5 -5 -5 -5 -5 -5 -5 -5 -5 -5 -6 -5 -5 -5 -6 -5 -5 -5 -6 -5 -5 -6 -6 -6 -5 -5 -5 -5 -5 -6 -5 -5 -5 -5 -5 -5 -5 -6 -5 -5 -6 -5 -6 -5 -5 -5 -6 -5 -5 -5 -6 -6 -5 -6 -6 -6 -6 -5 -5 -6 -5 -6 -6 -5 -6 -5 -6 -5 -6 -5 -6 
-5 -5 -4 -4 -4 -5 -4 -4 -5 -5 -4 -4 -5 -5 -5 -5 -4 -4 -4 -4 -5 -4 -4 -4 -4 -4 -4 -5 -4 -4 -4 -4 -4 -4 -5 -4 -4 -5 -5 -4 -4 -4 -5 -4 -5 -5 -5 -5 -5 -5 -4 -4 -4 -5 -4 -5 -5 -4 -5 -4 -5 -5 -4 -4 -5 -4 -5 -4 -4 -4 -5 -4 -5 -4 -5 -5 -4 -5 -5 -5 -5 -4 -4 -5 -4 -5 -5 -4 -5 -4 -5 -4 -5 -4 -5 
-5 -5 -5 -5 -5 -5 -5 -5 -6 -6 -5 -5 -5 -5 -5 -5 -5 -5 -5 -5 -5 -5 -5 -5 -5 -5 -5 -5 -5 -5 -5 -5 -5 -5 -5 -5 -5 -5 -6 -5 -5 -5 -5 -5 -5 -5 -6 -5 -5 -5 -5 -5 -5 -6 -5 -5 -5 -5 -5 -5 -5 -6 -5 -5 -6 -5 -6 -5 -5 -5 -5 -5 -5 -5 -6 -6 -5 -6 -5 -5 -6 -5 -5 -6 -5 -5 -5 -5 -6 -5 -5 -5 -6 -5 -5 
