./FontKingthings12.png
95
 
!
"
#
$
%
&
'
(
)
*
+
,
-
.
/
0
1
2
3
4
5
6
7
8
9
:
;
<
=
>
?
@
A
B
C
D
E
F
G
H
I
J
K
L
M
N
O
P
Q
R
S
T
U
V
W
X
Y
Z
[
\
]
^
_
`
a
b
c
d
e
f
g
h
i
j
k
l
m
n
o
p
q
r
s
t
u
v
w
x
y
z
{
|
}
~
6
9
9
13
13
13
15
8
9
10
9
12
8
12
8
10
12
9
11
11
13
10
12
11
11
12
8
8
10
12
10
12
16
15
14
13
15
13
13
14
16
10
14
14
12
17
15
14
14
14
14
13
14
15
15
19
14
13
13
10
9
10
14
14
9
12
12
11
13
11
11
12
12
9
9
12
9
16
13
12
13
12
11
12
11
13
13
16
13
13
11
9
10
9
15
-6 -3 -3 -3 -3 -3 -3 -3 -3 -3 -3 -3 -3 -3 -3 -3 -3 -3 -3 -3 -3 -3 -3 -3 -3 -3 -3 -3 -3 -3 -3 -3 -3 -3 -3 -3 -3 -3 -3 -3 -3 -3 -3 -3 -3 -3 -3 -3 -3 -3 -3 -3 -3 -3 -3 -3 -3 -3 -3 -3 -3 -3 -3 -3 -3 -3 -3 -3 -3 -3 -3 -3 -3 -3 -3 -3 -3 -3 -3 -3 -3 -3 -3 -3 -3 -3 -3 -3 -3 -3 -3 -3 -3 -3 -3 
-6 -6 -6 -6 -6 -6 -6 -6 -6 -6 -6 -6 -6 -6 -6 -6 -6 -6 -6 -6 -6 -6 -6 -6 -6 -6 -6 -6 -6 -6 -6 -6 -6 -6 -6 -6 -6 -6 -7 -6 -6 -6 -6 -6 -6 -6 -6 -6 -7 -6 -6 -6 -6 -6 -6 -6 -6 -6 -6 -6 -6 -6 -7 -6 -6 -6 -6 -6 -6 -6 -6 -6 -6 -6 -6 -6 -6 -6 -7 -6 -6 -6 -6 -7 -6 -6 -6 -6 -6 -7 -6 -6 -6 -6 -6 
-6 -6 -5 -5 -6 -6 -5 -6 -5 -6 -5 -5 -6 -6 -6 -6 -5 -5 -6 -5 -6 -5 -5 -6 -5 -5 -5 -6 -6 -6 -6 -5 -6 -5 -6 -5 -6 -5 -6 -5 -6 -5 -5 -5 -6 -5 -6 -5 -6 -5 -5 -6 -6 -6 -6 -6 -6 -6 -5 -6 -5 -5 -6 -6 -6 -5 -6 -6 -6 -5 -6 -5 -6 -5 -6 -6 -6 -6 -6 -6 -6 -6 -5 -6 -6 -6 -6 -6 -6 -6 -5 -5 -6 -6 -5 
-6 -6 -5 -5 -6 -6 -5 -6 -5 -6 -5 -5 -6 -6 -6 -6 -5 -5 -5 -5 -6 -5 -5 -6 -5 -5 -5 -5 -6 -6 -6 -5 -5 -5 -5 -5 -6 -5 -6 -5 -6 -5 -5 -5 -6 -5 -6 -5 -6 -5 -5 -6 -6 -6 -6 -6 -6 -6 -5 -6 -5 -5 -6 -6 -6 -5 -6 -5 -6 -5 -6 -5 -6 -5 -6 -6 -6 -6 -6 -6 -6 -6 -5 -6 -6 -6 -6 -6 -6 -6 -5 -5 -5 -5 -5 
-6 -6 -6 -6 -6 -6 -6 -6 -6 -6 -6 -6 -6 -6 -6 -6 -6 -6 -6 -5 -6 -5 -6 -6 -6 -5 -6 -6 -6 -6 -6 -6 -6 -6 -6 -5 -6 -6 -6 -6 -6 -6 -6 -6 -6 -6 -6 -6 -6 -6 -6 -6 -6 -6 -6 -6 -6 -6 -6 -6 -6 -6 -6 -6 -6 -6 -6 -6 -6 -6 -6 -6 -6 -6 -6 -6 -6 -6 -6 -6 -6 -6 -6 -6 -6 -6 -6 -6 -6 -6 -6 -6 -6 -6 -5 
-6 -6 -6 -6 -6 -6 -6 -6 -6 -7 -6 -6 -7 -6 -6 -6 -6 -6 -6 -6 -6 -6 -6 -6 -6 -6 -6 -6 -7 -6 -7 -6 -6 -6 -6 -6 -6 -6 -7 -6 -7 -6 -6 -6 -6 -6 -6 -6 -7 -6 -6 -6 -6 -6 -6 -6 -6 -6 -6 -6 -6 -6 -7 -6 -6 -6 -6 -6 -6 -6 -7 -6 -6 -6 -6 -6 -6 -6 -7 -6 -6 -6 -6 -7 -6 -6 -6 -6 -7 -7 -6 -6 -6 -6 -6 
-6 -6 -5 -5 -6 -6 -5 -6 -5 -6 -5 -5 -6 -6 -6 -6 -5 -5 -5 -5 -6 -5 -5 -6 -5 -5 -5 -6 -6 -6 -6 -5 -6 -5 -5 -5 -6 -5 -6 -5 -6 -5 -5 -5 -6 -5 -6 -5 -6 -5 -5 -6 -6 -6 -6 -6 -6 -6 -5 -6 -5 -5 -6 -6 -6 -5 -6 -5 -6 -5 -6 -5 -6 -5 -6 -6 -6 -6 -6 -6 -6 -6 -5 -6 -6 -6 -6 -6 -6 -6 -5 -5 -5 -5 -5 
-6 -6 -6 -6 -6 -6 -6 -6 -6 -7 -6 -6 -7 -6 -6 -6 -6 -6 -6 -6 -6 -6 -6 -6 -6 -6 -6 -6 -7 -6 -7 -6 -6 -6 -6 -6 -6 -6 -7 -6 -7 -6 -6 -6 -6 -6 -6 -6 -7 -6 -6 -6 -6 -6 -6 -6 -6 -6 -6 -6 -6 -6 -7 -6 -6 -6 -6 -6 -6 -6 -7 -6 -6 -6 -6 -6 -6 -6 -7 -6 -6 -6 -6 -7 -6 -6 -6 -6 -7 -7 -6 -6 -6 -6 -6 
-6 -6 -5 -5 -6 -6 -5 -6 -5 -6 -5 -5 -6 -5 -5 -6 -5 -5 -5 -5 -5 -5 -5 -6 -5 -5 -5 -5 -6 -6 -6 -5 -5 -5 -5 -5 -6 -5 -6 -5 -6 -5 -5 -5 -6 -5 -5 -5 -6 -5 -5 -5 -5 -5 -6 -6 -6 -5 -5 -5 -5 -5 -6 -6 -5 -5 -6 -5 -6 -5 -6 -5 -5 -5 -6 -6 -6 -6 -6 -5 -6 -5 -5 -6 -6 -6 -5 -5 -6 -6 -5 -5 -5 -5 -5 
-6 -6 -6 -6 -6 -7 -6 -7 -6 -7 -6 -6 -7 -6 -6 -6 -6 -6 -6 -6 -6 -6 -6 -7 -6 -6 -6 -6 -7 -6 -7 -6 -6 -6 -6 -6 -6 -6 -7 -6 -7 -6 -6 -6 -6 -6 -6 -6 -7 -6 -6 -6 -6 -6 -6 -7 -6 -6 -6 -6 -6 -6 -7 -7 -6 -6 -7 -6 -6 -6 -7 -6 -6 -6 -6 -6 -6 -6 -7 -6 -6 -6 -6 -7 -6 -6 -6 -6 -7 -7 -6 -6 -6 -6 -6 
-6 -6 -5 -5 -6 -6 -5 -6 -5 -6 -5 -5 -6 -6 -6 -6 -5 -5 -5 -5 -6 -5 -5 -6 -5 -5 -5 -6 -6 -6 -6 -5 -6 -5 -5 -5 -6 -5 -6 -5 -6 -5 -5 -5 -6 -5 -6 -5 -6 -5 -5 -6 -6 -6 -6 -6 -6 -6 -5 -6 -5 -5 -6 -6 -6 -5 -6 -5 -6 -5 -6 -5 -6 -5 -6 -6 -6 -6 -6 -6 -6 -6 -5 -6 -6 -6 -6 -6 -6 -6 -5 -5 -5 -5 -5 
-6 -6 -5 -5 -6 -6 -5 -6 -5 -6 -5 -5 -6 -6 -6 -6 -5 -5 -5 -5 -6 -5 -5 -6 -5 -5 -5 -6 -6 -6 -6 -5 -6 -5 -5 -5 -6 -5 -6 -5 -6 -5 -5 -5 -6 -5 -6 -5 -6 -5 -5 -6 -6 -6 -6 -6 -6 -6 -5 -6 -5 -5 -6 -6 -6 -5 -6 -5 -6 -5 -6 -5 -6 -5 -6 -6 -6 -6 -6 -6 -6 -6 -5 -6 -6 -6 -6 -6 -6 -6 -5 -5 -5 -5 -5 
-6 -6 -6 -6 -6 -7 -6 -7 -6 -7 -6 -6 -7 -6 -6 -6 -6 -6 -6 -6 -6 -6 -6 -7 -6 -6 -6 -6 -7 -6 -7 -6 -6 -6 -6 -6 -6 -6 -7 -6 -7 -6 -6 -6 -6 -6 -6 -6 -7 -6 -6 -6 -6 -6 -6 -7 -6 -6 -6 -6 -6 -6 -7 -7 -6 -6 -7 -6 -6 -6 -7 -6 -6 -6 -6 -6 -6 -6 -7 -6 -6 -6 -6 -7 -6 -6 -6 -6 -7 -7 -6 -6 -6 -6 -6 
-6 -6 -6 -6 -6 -6 -6 -6 -5 -6 -6 -6 -6 -6 -6 -6 -5 -6 -6 -5 -6 -5 -5 -6 -5 -5 -6 -6 -6 -6 -6 -6 -6 -5 -6 -5 -6 -6 -6 -6 -6 -5 -6 -6 -6 -6 -6 -6 -6 -5 -5 -6 -6 -6 -6 -6 -6 -6 -6 -6 -6 -5 -6 -6 -6 -5 -6 -6 -6 -5 -6 -6 -6 -5 -6 -6 -6 -6 -6 -6 -6 -6 -5 -6 -6 -6 -6 -6 -6 -6 -5 -6 -6 -6 -5 
-6 -6 -6 -6 -6 -6 -6 -6 -5 -6 -6 -6 -6 -6 -6 -6 -6 -6 -6 -5 -6 -5 -6 -6 -5 -5 -6 -6 -6 -6 -6 -6 -6 -6 -6 -5 -6 -6 -6 -6 -6 -6 -6 -6 -6 -6 -6 -6 -6 -6 -5 -6 -6 -6 -6 -6 -6 -6 -6 -6 -6 -5 -6 -6 -6 -6 -6 -6 -6 -6 -6 -6 -6 -6 -6 -6 -6 -6 -6 -6 -6 -6 -5 -6 -6 -6 -6 -6 -6 -6 -6 -6 -6 -6 -5 
-6 -6 -6 -6 -6 -6 -6 -6 -6 -6 -6 -6 -6 -6 -6 -6 -6 -6 -6 -5 -6 -5 -6 -6 -6 -5 -6 -6 -6 -6 -6 -6 -6 -6 -6 -5 -6 -6 -6 -6 -6 -6 -6 -6 -6 -6 -6 -6 -6 -6 -6 -6 -6 -6 -6 -6 -6 -6 -6 -6 -6 -6 -6 -6 -6 -6 -6 -6 -6 -6 -6 -6 -6 -6 -6 -6 -6 -6 -6 -6 -6 -6 -6 -6 -6 -6 -6 -6 -6 -6 -6 -6 -6 -6 -5 
-6 -6 -5 -5 -6 -6 -5 -6 -5 -6 -5 -5 -6 -5 -6 -6 -5 -5 -5 -5 -6 -5 -5 -6 -5 -5 -5 -5 -6 -6 -6 -5 -5 -5 -5 -5 -6 -5 -6 -5 -6 -5 -5 -5 -6 -5 -6 -5 -6 -5 -5 -6 -6 -6 -6 -6 -6 -6 -5 -6 -5 -5 -6 -6 -5 -5 -6 -5 -6 -5 -6 -5 -5 -5 -6 -6 -6 -6 -6 -5 -6 -5 -5 -6 -6 -6 -6 -6 -6 -6 -5 -5 -5 -5 -5 
-6 -6 -5 -5 -6 -6 -5 -6 -5 -6 -5 -5 -6 -6 -6 -6 -5 -6 -6 -5 -6 -5 -5 -6 -5 -5 -6 -6 -6 -6 -6 -5 -6 -5 -6 -5 -6 -5 -6 -6 -6 -5 -6 -5 -6 -6 -6 -5 -6 -5 -5 -6 -6 -6 -6 -6 -6 -6 -5 -6 -5 -5 -6 -6 -6 -5 -6 -6 -6 -5 -6 -5 -6 -5 -6 -6 -6 -6 -6 -6 -6 -6 -5 -6 -6 -6 -6 -6 -6 -6 -5 -6 -6 -6 -5 
-6 -6 -6 -5 -6 -6 -5 -6 -5 -6 -5 -5 -6 -6 -6 -6 -5 -6 -6 -5 -6 -5 -5 -6 -5 -5 -6 -6 -6 -6 -6 -6 -6 -5 -6 -5 -6 -6 -6 -6 -6 -5 -6 -5 -6 -6 -6 -5 -6 -5 -5 -6 -6 -6 -6 -6 -6 -6 -5 -6 -6 -5 -6 -6 -6 -5 -6 -6 -6 -5 -6 -5 -6 -5 -6 -6 -6 -6 -6 -6 -6 -6 -5 -6 -6 -6 -6 -6 -6 -6 -5 -6 -6 -6 -5 
-6 -6 -5 -5 -5 -6 -5 -6 -5 -6 -5 -5 -6 -5 -5 -5 -5 -5 -5 -5 -5 -5 -5 -6 -5 -5 -5 -5 -6 -5 -6 -5 -5 -5 -5 -5 -5 -5 -6 -5 -6 -5 -5 -5 -5 -5 -5 -5 -6 -5 -5 -5 -5 -5 -6 -6 -5 -5 -5 -5 -5 -5 -6 -6 -5 -5 -6 -5 -6 -5 -6 -5 -5 -5 -5 -6 -6 -5 -6 -5 -6 -5 -5 -6 -6 -5 -5 -5 -6 -6 -5 -5 -5 -5 -5 
-6 -6 -6 -6 -6 -6 -6 -6 -5 -6 -6 -6 -6 -6 -6 -6 -6 -6 -6 -5 -6 -5 -6 -6 -5 -5 -6 -6 -6 -6 -6 -6 -6 -6 -6 -5 -6 -6 -6 -6 -6 -6 -6 -6 -6 -6 -6 -6 -6 -6 -5 -6 -6 -6 -6 -6 -6 -6 -6 -6 -6 -5 -6 -6 -6 -6 -6 -6 -6 -6 -6 -6 -6 -6 -6 -6 -6 -6 -6 -6 -6 -6 -5 -6 -6 -6 -6 -6 -6 -6 -6 -6 -6 -6 -5 
-6 -6 -5 -5 -5 -6 -5 -6 -5 -6 -5 -5 -6 -5 -5 -5 -5 -5 -5 -5 -5 -5 -5 -6 -5 -5 -5 -5 -6 -5 -6 -5 -5 -5 -5 -5 -5 -5 -6 -5 -6 -5 -5 -5 -5 -5 -5 -5 -6 -5 -5 -5 -5 -5 -6 -6 -5 -5 -5 -5 -5 -5 -6 -6 -5 -5 -6 -5 -6 -5 -6 -5 -5 -5 -5 -6 -6 -5 -6 -5 -6 -5 -5 -6 -5 -5 -5 -5 -6 -6 -5 -5 -5 -5 -5 
-6 -6 -5 -5 -6 -6 -5 -6 -5 -6 -5 -5 -6 -5 -6 -6 -5 -5 -5 -5 -6 -5 -5 -6 -5 -5 -5 -5 -6 -6 -6 -5 -5 -5 -5 -5 -6 -5 -6 -5 -6 -5 -5 -5 -6 -5 -6 -5 -6 -5 -5 -6 -6 -6 -6 -6 -6 -6 -5 -6 -5 -5 -6 -6 -6 -5 -6 -5 -6 -5 -6 -5 -5 -5 -6 -6 -6 -6 -6 -6 -6 -6 -5 -6 -6 -6 -6 -6 -6 -6 -5 -5 -5 -5 -5 
-6 -6 -6 -6 -6 -6 -6 -6 -6 -7 -6 -6 -7 -6 -6 -6 -6 -6 -6 -6 -6 -6 -6 -6 -6 -6 -6 -6 -7 -6 -7 -6 -6 -6 -6 -6 -6 -6 -7 -6 -7 -6 -6 -6 -6 -6 -6 -6 -7 -6 -6 -6 -6 -6 -6 -6 -6 -6 -6 -6 -6 -6 -7 -6 -6 -6 -6 -6 -6 -6 -7 -6 -6 -6 -6 -6 -6 -6 -7 -6 -6 -6 -6 -7 -6 -6 -6 -6 -7 -7 -6 -6 -6 -6 -6 
-6 -6 -5 -5 -6 -6 -5 -6 -5 -6 -5 -5 -6 -5 -5 -6 -5 -5 -5 -5 -5 -5 -5 -6 -5 -5 -5 -5 -6 -6 -6 -5 -5 -5 -5 -5 -6 -5 -6 -5 -6 -5 -5 -5 -6 -5 -5 -5 -6 -5 -5 -5 -5 -5 -6 -6 -5 -5 -5 -5 -5 -5 -6 -6 -5 -5 -6 -5 -6 -5 -6 -5 -5 -5 -6 -6 -6 -6 -6 -5 -6 -5 -5 -6 -6 -6 -5 -5 -6 -6 -5 -5 -5 -5 -5 
-6 -6 -5 -5 -5 -6 -5 -6 -5 -6 -5 -5 -6 -5 -5 -5 -5 -5 -5 -5 -5 -5 -5 -6 -5 -5 -5 -5 -6 -5 -6 -5 -5 -5 -5 -5 -5 -5 -6 -5 -6 -5 -5 -5 -5 -5 -5 -5 -6 -5 -5 -5 -5 -5 -6 -6 -5 -5 -5 -5 -5 -5 -6 -6 -5 -5 -6 -5 -6 -5 -6 -5 -5 -5 -5 -6 -6 -5 -6 -5 -6 -5 -5 -6 -6 -5 -5 -5 -6 -6 -5 -5 -5 -5 -5 
-6 -6 -5 -5 -6 -6 -5 -6 -5 -6 -5 -5 -6 -6 -6 -6 -5 -6 -6 -5 -6 -5 -5 -6 -5 -5 -6 -6 -6 -6 -6 -5 -6 -5 -6 -5 -6 -5 -6 -6 -6 -5 -6 -5 -6 -6 -6 -5 -6 -5 -5 -6 -6 -6 -6 -6 -6 -6 -5 -6 -5 -5 -6 -6 -6 -5 -6 -6 -6 -5 -6 -5 -6 -5 -6 -6 -6 -6 -6 -6 -6 -6 -5 -6 -6 -6 -6 -6 -6 -6 -5 -6 -6 -6 -5 
-6 -6 -6 -5 -6 -6 -6 -6 -5 -6 -6 -6 -6 -6 -6 -6 -5 -6 -6 -5 -6 -5 -5 -6 -5 -5 -6 -6 -6 -6 -6 -6 -6 -5 -6 -5 -6 -6 -6 -6 -6 -5 -6 -5 -6 -6 -6 -5 -6 -5 -5 -6 -6 -6 -6 -6 -6 -6 -5 -6 -6 -5 -6 -6 -6 -5 -6 -6 -6 -5 -6 -5 -6 -5 -6 -6 -6 -6 -6 -6 -6 -6 -5 -6 -6 -6 -6 -6 -6 -6 -5 -6 -6 -6 -5 
-6 -6 -6 -6 -6 -7 -6 -7 -6 -7 -6 -6 -7 -6 -6 -6 -6 -6 -6 -6 -6 -6 -6 -7 -6 -6 -6 -6 -7 -6 -7 -6 -6 -6 -6 -6 -6 -6 -7 -6 -7 -6 -6 -6 -6 -6 -6 -6 -7 -6 -6 -6 -6 -6 -7 -7 -6 -6 -6 -6 -6 -6 -7 -7 -6 -6 -7 -6 -6 -6 -7 -6 -6 -6 -6 -6 -6 -6 -7 -6 -7 -6 -6 -7 -6 -6 -6 -6 -7 -7 -6 -6 -6 -6 -6 
-6 -6 -6 -6 -6 -6 -6 -6 -6 -6 -6 -6 -6 -6 -6 -6 -6 -6 -6 -5 -6 -5 -6 -6 -6 -5 -6 -6 -6 -6 -6 -6 -6 -6 -6 -6 -6 -6 -6 -6 -6 -6 -6 -6 -6 -6 -6 -6 -6 -6 -6 -6 -6 -6 -6 -6 -6 -6 -6 -6 -6 -6 -6 -6 -6 -6 -6 -6 -6 -6 -6 -6 -6 -6 -6 -6 -6 -6 -6 -6 -6 -6 -6 -6 -6 -6 -6 -6 -6 -6 -6 -6 -6 -6 -5 
-6 -6 -6 -6 -6 -7 -6 -7 -6 -7 -6 -6 -7 -6 -6 -6 -6 -6 -6 -6 -6 -6 -6 -7 -6 -6 -6 -6 -7 -6 -7 -6 -6 -6 -6 -6 -6 -6 -7 -6 -7 -6 -6 -6 -6 -6 -6 -6 -7 -6 -6 -6 -6 -6 -6 -7 -6 -6 -6 -6 -6 -6 -7 -7 -6 -6 -7 -6 -6 -6 -7 -6 -6 -6 -6 -6 -6 -6 -7 -6 -6 -6 -6 -7 -6 -6 -6 -6 -7 -7 -6 -6 -6 -6 -6 
-6 -6 -5 -5 -6 -6 -5 -6 -5 -6 -5 -5 -6 -6 -6 -6 -5 -5 -6 -5 -6 -5 -5 -6 -5 -5 -5 -6 -6 -6 -6 -5 -6 -5 -5 -5 -6 -5 -6 -5 -6 -5 -5 -5 -6 -5 -6 -5 -6 -5 -5 -6 -6 -6 -6 -6 -6 -6 -5 -6 -5 -5 -6 -6 -6 -5 -6 -6 -6 -5 -6 -5 -6 -5 -6 -6 -6 -6 -6 -6 -6 -6 -5 -6 -6 -6 -6 -6 -6 -6 -5 -5 -6 -5 -5 
-6 -6 -6 -5 -6 -6 -6 -6 -5 -6 -6 -6 -6 -6 -6 -6 -5 -6 -6 -5 -6 -5 -5 -6 -5 -5 -6 -6 -6 -6 -6 -6 -6 -5 -6 -5 -6 -6 -6 -6 -6 -5 -6 -5 -6 -6 -6 -5 -6 -5 -5 -6 -6 -6 -6 -6 -6 -6 -6 -6 -6 -5 -6 -6 -6 -5 -6 -6 -6 -5 -6 -5 -6 -5 -6 -6 -6 -6 -6 -6 -6 -6 -5 -6 -6 -6 -6 -6 -6 -6 -5 -6 -6 -6 -5 
-6 -6 -5 -5 -6 -6 -5 -6 -5 -6 -5 -5 -6 -5 -6 -6 -5 -5 -5 -5 -6 -5 -5 -6 -5 -5 -5 -5 -6 -6 -6 -5 -5 -5 -5 -5 -6 -5 -6 -5 -6 -5 -5 -5 -6 -5 -6 -5 -6 -5 -5 -6 -6 -6 -6 -6 -6 -6 -5 -6 -5 -5 -6 -6 -6 -5 -6 -5 -6 -5 -6 -5 -6 -5 -6 -6 -6 -6 -6 -6 -6 -6 -5 -6 -6 -6 -6 -6 -6 -6 -5 -5 -5 -5 -5 
-6 -6 -6 -5 -6 -6 -5 -6 -5 -6 -5 -5 -6 -6 -6 -6 -5 -6 -6 -5 -6 -5 -5 -6 -5 -5 -6 -6 -6 -6 -6 -5 -6 -5 -6 -5 -6 -5 -6 -6 -6 -5 -6 -5 -6 -6 -6 -5 -6 -5 -5 -6 -6 -6 -6 -6 -6 -6 -5 -6 -6 -5 -6 -6 -6 -5 -6 -6 -6 -5 -6 -5 -6 -5 -6 -6 -6 -6 -6 -6 -6 -6 -5 -6 -6 -6 -6 -6 -6 -6 -5 -6 -6 -6 -5 
-6 -6 -5 -5 -5 -6 -5 -6 -5 -6 -5 -5 -6 -5 -5 -5 -5 -5 -5 -5 -5 -5 -5 -6 -5 -5 -5 -5 -6 -6 -6 -5 -5 -5 -5 -5 -5 -5 -6 -5 -6 -5 -5 -5 -5 -5 -5 -5 -6 -5 -5 -5 -5 -5 -6 -6 -5 -5 -5 -5 -5 -5 -6 -6 -5 -5 -6 -5 -6 -5 -6 -5 -5 -5 -5 -6 -6 -6 -6 -5 -6 -5 -5 -6 -6 -6 -5 -5 -6 -6 -5 -5 -5 -5 -5 
-6 -6 -6 -6 -6 -6 -6 -6 -6 -6 -6 -6 -6 -6 -6 -6 -6 -6 -6 -5 -6 -5 -6 -6 -6 -5 -6 -6 -6 -6 -6 -6 -6 -6 -6 -5 -6 -6 -6 -6 -6 -6 -6 -6 -6 -6 -6 -6 -6 -6 -6 -6 -6 -6 -6 -6 -6 -6 -6 -6 -6 -6 -6 -6 -6 -6 -6 -6 -6 -6 -6 -6 -6 -6 -6 -6 -6 -6 -6 -6 -6 -6 -6 -6 -6 -6 -6 -6 -6 -6 -6 -6 -6 -6 -5 
-6 -6 -5 -5 -6 -6 -5 -6 -5 -6 -5 -5 -6 -6 -6 -6 -5 -5 -6 -5 -6 -5 -5 -6 -5 -5 -5 -6 -6 -6 -6 -5 -6 -5 -5 -5 -6 -5 -6 -5 -6 -5 -5 -5 -6 -5 -6 -5 -6 -5 -5 -6 -6 -6 -6 -6 -6 -6 -5 -6 -5 -5 -6 -6 -6 -5 -6 -6 -6 -5 -6 -5 -6 -5 -6 -6 -6 -6 -6 -6 -6 -6 -5 -6 -6 -6 -6 -6 -6 -6 -5 -5 -6 -5 -5 
-6 -7 -6 -6 -6 -7 -6 -7 -6 -7 -6 -6 -7 -6 -6 -6 -6 -6 -6 -6 -6 -6 -6 -7 -6 -6 -6 -6 -7 -6 -7 -6 -6 -6 -6 -6 -6 -6 -7 -6 -7 -6 -6 -6 -6 -6 -6 -6 -7 -6 -6 -6 -6 -6 -7 -7 -6 -6 -6 -6 -6 -6 -7 -7 -6 -6 -7 -6 -7 -6 -7 -6 -6 -6 -6 -6 -6 -6 -7 -6 -7 -6 -6 -7 -6 -6 -6 -6 -7 -7 -6 -6 -6 -6 -6 
-6 -6 -5 -5 -6 -6 -5 -6 -5 -6 -5 -5 -6 -6 -6 -6 -5 -6 -6 -5 -6 -5 -5 -6 -5 -5 -6 -6 -6 -6 -6 -5 -6 -5 -6 -5 -6 -5 -6 -5 -6 -5 -6 -5 -6 -6 -6 -5 -6 -5 -5 -6 -6 -6 -6 -6 -6 -6 -5 -6 -5 -5 -6 -6 -6 -5 -6 -6 -6 -5 -6 -5 -6 -5 -6 -6 -6 -6 -6 -6 -6 -6 -5 -6 -6 -6 -6 -6 -6 -6 -5 -6 -6 -6 -5 
-6 -6 -6 -6 -6 -7 -6 -7 -6 -7 -6 -6 -7 -6 -6 -6 -6 -6 -6 -6 -6 -6 -6 -7 -6 -6 -6 -6 -7 -6 -7 -6 -6 -6 -6 -6 -6 -6 -7 -6 -7 -6 -6 -6 -6 -6 -6 -6 -7 -6 -6 -6 -6 -6 -6 -7 -6 -6 -6 -6 -6 -6 -7 -7 -6 -6 -7 -6 -6 -6 -7 -6 -6 -6 -6 -6 -6 -6 -7 -6 -6 -6 -6 -7 -6 -6 -6 -6 -7 -7 -6 -6 -6 -6 -6 
-6 -6 -5 -5 -6 -6 -5 -6 -5 -6 -5 -5 -6 -5 -6 -6 -5 -5 -5 -5 -6 -5 -5 -6 -5 -5 -5 -5 -6 -6 -6 -5 -5 -5 -5 -5 -6 -5 -6 -5 -6 -5 -5 -5 -6 -5 -6 -5 -6 -5 -5 -6 -6 -6 -6 -6 -6 -6 -5 -6 -5 -5 -6 -6 -6 -5 -6 -5 -6 -5 -6 -5 -5 -5 -6 -6 -6 -6 -6 -5 -6 -5 -5 -6 -6 -6 -6 -6 -6 -6 -5 -5 -5 -5 -5 
-6 -6 -5 -5 -6 -6 -5 -6 -5 -6 -5 -5 -6 -6 -6 -6 -5 -6 -6 -5 -6 -5 -5 -6 -5 -5 -6 -6 -6 -6 -6 -5 -6 -5 -6 -5 -6 -5 -6 -6 -6 -5 -6 -5 -6 -6 -6 -5 -6 -5 -5 -6 -6 -6 -6 -6 -6 -6 -5 -6 -5 -5 -6 -6 -6 -5 -6 -6 -6 -5 -6 -5 -6 -5 -6 -6 -6 -6 -6 -6 -6 -6 -5 -6 -6 -6 -6 -6 -6 -6 -5 -6 -6 -6 -5 
-6 -6 -5 -5 -6 -6 -5 -6 -5 -6 -5 -5 -6 -6 -6 -6 -5 -5 -5 -5 -6 -5 -5 -6 -5 -5 -5 -5 -6 -6 -6 -5 -5 -5 -5 -5 -6 -5 -6 -5 -6 -5 -5 -5 -6 -5 -6 -5 -6 -5 -5 -6 -6 -6 -6 -6 -6 -6 -5 -6 -5 -5 -6 -6 -6 -5 -6 -5 -6 -5 -6 -5 -6 -5 -6 -6 -6 -6 -6 -6 -6 -6 -5 -6 -6 -6 -6 -6 -6 -6 -5 -5 -5 -5 -5 
-6 -6 -6 -6 -6 -6 -6 -6 -6 -6 -6 -6 -6 -6 -6 -6 -6 -6 -6 -5 -6 -5 -6 -6 -6 -5 -6 -6 -6 -6 -6 -6 -6 -6 -6 -5 -6 -6 -6 -6 -6 -6 -6 -6 -6 -6 -6 -6 -6 -6 -6 -6 -6 -6 -6 -6 -6 -6 -6 -6 -6 -5 -6 -6 -6 -6 -6 -6 -6 -6 -6 -6 -6 -6 -6 -6 -6 -6 -6 -6 -6 -6 -5 -6 -6 -6 -6 -6 -6 -6 -6 -6 -6 -6 -5 
-6 -6 -5 -5 -6 -6 -5 -6 -5 -6 -5 -5 -6 -6 -6 -6 -5 -6 -6 -5 -6 -5 -5 -6 -5 -5 -6 -6 -6 -6 -6 -5 -6 -5 -6 -5 -6 -5 -6 -6 -6 -5 -6 -5 -6 -6 -6 -5 -6 -5 -5 -6 -6 -6 -6 -6 -6 -6 -5 -6 -5 -5 -6 -6 -6 -5 -6 -6 -6 -5 -6 -5 -6 -5 -6 -6 -6 -6 -6 -6 -6 -6 -5 -6 -6 -6 -6 -6 -6 -6 -5 -6 -6 -6 -5 
-6 -6 -6 -6 -6 -6 -6 -6 -5 -6 -6 -6 -6 -6 -6 -6 -6 -6 -6 -5 -6 -5 -6 -6 -5 -5 -6 -6 -6 -6 -6 -6 -6 -6 -6 -5 -6 -6 -6 -6 -6 -6 -6 -6 -6 -6 -6 -6 -6 -5 -5 -6 -6 -6 -6 -6 -6 -6 -6 -6 -6 -5 -6 -6 -6 -6 -6 -6 -6 -6 -6 -6 -6 -6 -6 -6 -6 -6 -6 -6 -6 -6 -5 -6 -6 -6 -6 -6 -6 -6 -6 -6 -6 -6 -5 
-6 -6 -5 -5 -6 -6 -5 -6 -5 -6 -5 -5 -6 -6 -6 -6 -5 -5 -5 -5 -6 -5 -5 -6 -5 -5 -5 -5 -6 -6 -6 -5 -5 -5 -5 -5 -6 -5 -6 -5 -6 -5 -5 -5 -6 -5 -6 -5 -6 -5 -5 -6 -6 -6 -6 -6 -6 -6 -5 -6 -5 -5 -6 -6 -6 -5 -6 -5 -6 -5 -6 -5 -6 -5 -6 -6 -6 -6 -6 -6 -6 -6 -5 -6 -6 -6 -6 -6 -6 -6 -5 -5 -5 -5 -5 
-6 -7 -6 -6 -6 -7 -6 -7 -6 -7 -6 -6 -7 -6 -6 -6 -6 -6 -6 -6 -6 -6 -6 -7 -6 -6 -6 -6 -7 -6 -7 -6 -6 -6 -6 -6 -6 -6 -7 -6 -7 -6 -6 -6 -6 -6 -6 -6 -7 -6 -6 -6 -6 -6 -7 -7 -6 -6 -6 -6 -6 -6 -7 -7 -6 -6 -7 -6 -7 -6 -7 -6 -6 -6 -6 -6 -7 -6 -7 -6 -7 -6 -6 -7 -6 -6 -6 -6 -7 -7 -6 -6 -6 -6 -6 
-6 -6 -5 -5 -6 -6 -5 -6 -5 -6 -5 -5 -6 -5 -6 -6 -5 -5 -5 -5 -6 -5 -5 -6 -5 -5 -5 -5 -6 -6 -6 -5 -5 -5 -5 -5 -6 -5 -6 -5 -6 -5 -5 -5 -6 -5 -5 -5 -6 -5 -5 -6 -6 -6 -6 -6 -6 -6 -5 -6 -5 -5 -6 -6 -5 -5 -6 -5 -6 -5 -6 -5 -5 -5 -6 -6 -6 -6 -6 -5 -6 -5 -5 -6 -6 -6 -6 -5 -6 -6 -5 -5 -5 -5 -5 
-6 -6 -5 -5 -6 -6 -5 -6 -5 -6 -5 -5 -6 -5 -5 -6 -5 -5 -5 -5 -5 -5 -5 -6 -5 -5 -5 -5 -6 -6 -6 -5 -5 -5 -5 -5 -6 -5 -6 -5 -6 -5 -5 -5 -6 -5 -5 -5 -6 -5 -5 -5 -5 -5 -6 -6 -6 -5 -5 -5 -5 -5 -6 -6 -5 -5 -6 -5 -6 -5 -6 -5 -5 -5 -6 -6 -6 -6 -6 -5 -6 -5 -5 -6 -6 -6 -5 -5 -6 -6 -5 -5 -5 -5 -5 
-6 -6 -6 -6 -6 -6 -6 -6 -5 -6 -6 -6 -6 -6 -6 -6 -6 -6 -6 -5 -6 -5 -6 -6 -5 -5 -6 -6 -6 -6 -6 -6 -6 -6 -6 -5 -6 -6 -6 -6 -6 -6 -6 -6 -6 -6 -6 -6 -6 -6 -5 -6 -6 -6 -6 -6 -6 -6 -6 -6 -6 -5 -6 -6 -6 -6 -6 -6 -6 -6 -6 -6 -6 -6 -6 -6 -6 -6 -6 -6 -6 -6 -5 -6 -6 -6 -6 -6 -6 -6 -6 -6 -6 -6 -5 
-6 -6 -6 -6 -6 -6 -6 -6 -5 -6 -6 -6 -6 -6 -6 -6 -6 -6 -6 -5 -6 -5 -6 -6 -5 -5 -6 -6 -6 -6 -6 -6 -6 -6 -6 -5 -6 -6 -6 -6 -6 -6 -6 -6 -6 -6 -6 -6 -6 -6 -5 -6 -6 -6 -6 -6 -6 -6 -6 -6 -6 -5 -6 -6 -6 -6 -6 -6 -6 -6 -6 -6 -6 -6 -6 -6 -6 -6 -6 -6 -6 -6 -5 -6 -6 -6 -6 -6 -6 -6 -6 -6 -6 -6 -5 
-6 -6 -6 -6 -6 -6 -6 -6 -5 -6 -6 -6 -6 -6 -6 -6 -6 -6 -6 -5 -6 -5 -6 -6 -5 -5 -6 -6 -6 -6 -6 -6 -6 -6 -6 -5 -6 -6 -6 -6 -6 -6 -6 -6 -6 -6 -6 -6 -6 -6 -5 -6 -6 -6 -6 -6 -6 -6 -6 -6 -6 -5 -6 -6 -6 -6 -6 -6 -6 -6 -6 -6 -6 -6 -6 -6 -6 -6 -6 -6 -6 -6 -5 -6 -6 -6 -6 -6 -6 -6 -6 -6 -6 -6 -5 
-6 -6 -6 -6 -6 -6 -6 -6 -6 -6 -6 -6 -6 -6 -6 -6 -6 -6 -6 -6 -6 -6 -6 -6 -6 -6 -6 -6 -7 -6 -6 -6 -6 -6 -6 -6 -6 -6 -7 -6 -6 -6 -6 -6 -6 -6 -6 -6 -7 -6 -6 -6 -6 -6 -6 -6 -6 -6 -6 -6 -6 -6 -7 -6 -6 -6 -6 -6 -6 -6 -6 -6 -6 -6 -6 -6 -6 -6 -7 -6 -6 -6 -6 -7 -6 -6 -6 -6 -7 -7 -6 -6 -6 -6 -6 
-6 -6 -6 -6 -6 -6 -6 -6 -6 -7 -6 -6 -7 -6 -6 -6 -6 -6 -6 -6 -6 -6 -6 -6 -6 -6 -6 -6 -7 -6 -7 -6 -6 -6 -6 -6 -6 -6 -7 -6 -7 -6 -6 -6 -6 -6 -6 -6 -7 -6 -6 -6 -6 -6 -6 -6 -6 -6 -6 -6 -6 -6 -7 -6 -6 -6 -6 -6 -6 -6 -7 -6 -6 -6 -6 -6 -6 -6 -7 -6 -6 -6 -6 -7 -6 -6 -6 -6 -7 -7 -6 -6 -6 -6 -6 
-6 -6 -6 -6 -6 -6 -6 -6 -6 -6 -6 -6 -6 -6 -6 -6 -6 -6 -6 -5 -6 -5 -6 -6 -5 -5 -6 -6 -6 -6 -6 -6 -6 -6 -6 -5 -6 -6 -6 -6 -6 -6 -6 -6 -6 -6 -6 -6 -6 -6 -6 -6 -6 -6 -6 -6 -6 -6 -6 -6 -6 -5 -6 -6 -6 -6 -6 -6 -6 -6 -6 -6 -6 -6 -6 -6 -6 -6 -6 -6 -6 -6 -5 -6 -6 -6 -6 -6 -6 -6 -6 -6 -6 -6 -5 
-6 -6 -6 -6 -6 -6 -6 -6 -5 -6 -6 -6 -6 -6 -6 -6 -6 -6 -6 -5 -6 -5 -6 -6 -5 -5 -6 -6 -6 -6 -6 -6 -6 -6 -6 -5 -6 -6 -6 -6 -6 -6 -6 -6 -6 -6 -6 -6 -6 -6 -5 -6 -6 -6 -6 -6 -6 -6 -6 -6 -6 -5 -6 -6 -6 -6 -6 -6 -6 -6 -6 -6 -6 -6 -6 -6 -6 -6 -6 -6 -6 -6 -5 -6 -6 -6 -6 -6 -6 -6 -6 -6 -6 -6 -5 
-6 -6 -5 -5 -6 -6 -5 -6 -5 -6 -5 -5 -6 -6 -6 -6 -5 -5 -5 -5 -6 -5 -5 -6 -5 -5 -5 -5 -6 -6 -6 -5 -6 -5 -5 -5 -6 -5 -6 -5 -6 -5 -5 -5 -6 -5 -6 -5 -6 -5 -5 -6 -6 -6 -6 -6 -6 -6 -5 -6 -5 -5 -6 -6 -6 -5 -6 -5 -6 -5 -6 -5 -6 -5 -6 -6 -6 -6 -6 -6 -6 -6 -5 -6 -6 -6 -6 -6 -6 -6 -5 -5 -5 -5 -5 
-6 -6 -6 -6 -6 -6 -6 -6 -5 -6 -6 -6 -6 -6 -6 -6 -6 -6 -6 -5 -6 -5 -6 -6 -5 -5 -6 -6 -6 -6 -6 -6 -6 -6 -6 -5 -6 -6 -6 -6 -6 -6 -6 -6 -6 -6 -6 -6 -6 -6 -5 -6 -6 -6 -6 -6 -6 -6 -6 -6 -6 -5 -6 -6 -6 -6 -6 -6 -6 -6 -6 -6 -6 -6 -6 -6 -6 -6 -6 -6 -6 -6 -5 -6 -6 -6 -6 -6 -6 -6 -6 -6 -6 -6 -5 
-6 -6 -5 -5 -6 -6 -5 -6 -5 -6 -5 -5 -6 -6 -6 -6 -5 -5 -6 -5 -6 -5 -5 -6 -5 -5 -5 -6 -6 -6 -6 -5 -6 -5 -6 -5 -6 -5 -6 -5 -6 -5 -5 -5 -6 -5 -6 -5 -6 -5 -5 -6 -6 -6 -6 -6 -6 -6 -5 -6 -5 -5 -6 -6 -6 -5 -6 -6 -6 -5 -6 -5 -6 -5 -6 -6 -6 -6 -6 -6 -6 -6 -5 -6 -6 -6 -6 -6 -6 -6 -5 -5 -6 -6 -5 
-6 -6 -5 -5 -6 -6 -5 -6 -5 -6 -5 -5 -6 -5 -5 -6 -5 -5 -5 -5 -5 -5 -5 -6 -5 -5 -5 -5 -6 -6 -6 -5 -5 -5 -5 -5 -6 -5 -6 -5 -6 -5 -5 -5 -5 -5 -5 -5 -6 -5 -5 -5 -5 -5 -6 -6 -5 -5 -5 -5 -5 -5 -6 -6 -5 -5 -6 -5 -6 -5 -6 -5 -5 -5 -5 -6 -6 -6 -6 -5 -6 -5 -5 -6 -6 -6 -5 -5 -6 -6 -5 -5 -5 -5 -5 
-6 -7 -6 -6 -6 -7 -6 -7 -6 -7 -6 -6 -7 -6 -6 -6 -6 -6 -6 -6 -6 -6 -6 -7 -6 -6 -6 -6 -7 -6 -7 -6 -6 -6 -6 -6 -6 -6 -7 -6 -7 -6 -6 -6 -6 -6 -6 -6 -7 -6 -6 -6 -6 -6 -7 -7 -6 -6 -6 -6 -6 -6 -7 -7 -6 -6 -7 -6 -7 -6 -7 -6 -6 -6 -6 -6 -6 -6 -7 -6 -7 -6 -6 -7 -6 -6 -6 -6 -7 -7 -6 -6 -6 -6 -6 
-6 -6 -6 -6 -6 -6 -6 -6 -6 -7 -6 -6 -7 -6 -6 -6 -6 -6 -6 -6 -6 -6 -6 -6 -6 -6 -6 -6 -7 -6 -7 -6 -6 -6 -6 -6 -6 -6 -7 -6 -7 -6 -6 -6 -6 -6 -6 -6 -7 -6 -6 -6 -6 -6 -6 -6 -6 -6 -6 -6 -6 -6 -7 -6 -6 -6 -6 -6 -6 -6 -7 -6 -6 -6 -6 -6 -6 -6 -7 -6 -6 -6 -6 -7 -6 -6 -6 -6 -7 -7 -6 -6 -6 -6 -6 
-6 -6 -6 -6 -6 -6 -6 -6 -5 -6 -6 -6 -6 -6 -6 -6 -5 -6 -6 -5 -6 -5 -6 -6 -5 -5 -6 -6 -6 -6 -6 -6 -6 -6 -6 -5 -6 -6 -6 -6 -6 -6 -6 -6 -6 -6 -6 -6 -6 -5 -5 -6 -6 -6 -6 -6 -6 -6 -6 -6 -6 -5 -6 -6 -6 -6 -6 -6 -6 -6 -6 -6 -6 -6 -6 -6 -6 -6 -6 -6 -6 -6 -5 -6 -6 -6 -6 -6 -6 -6 -6 -6 -6 -6 -5 
-6 -6 -5 -5 -6 -6 -5 -6 -5 -6 -5 -5 -6 -5 -6 -6 -5 -5 -5 -5 -6 -5 -5 -6 -5 -5 -5 -5 -6 -6 -6 -5 -5 -5 -5 -5 -6 -5 -6 -5 -6 -5 -5 -5 -6 -5 -6 -5 -6 -5 -5 -6 -6 -6 -6 -6 -6 -6 -5 -6 -5 -5 -6 -6 -6 -5 -6 -5 -6 -5 -6 -5 -5 -5 -6 -6 -6 -6 -6 -5 -6 -5 -5 -6 -6 -6 -6 -6 -6 -6 -5 -5 -5 -5 -5 
-6 -6 -6 -6 -6 -6 -6 -6 -6 -7 -6 -6 -7 -6 -6 -6 -6 -6 -6 -6 -6 -6 -6 -6 -6 -6 -6 -6 -7 -6 -7 -6 -6 -6 -6 -6 -6 -6 -7 -6 -7 -6 -6 -6 -6 -6 -6 -6 -7 -6 -6 -6 -6 -6 -6 -6 -6 -6 -6 -6 -6 -6 -7 -6 -6 -6 -6 -6 -6 -6 -7 -6 -6 -6 -6 -6 -6 -6 -7 -6 -6 -6 -6 -7 -6 -6 -6 -6 -7 -7 -6 -6 -6 -6 -6 
-6 -6 -6 -5 -6 -6 -5 -6 -5 -6 -5 -5 -6 -6 -6 -6 -5 -6 -6 -5 -6 -5 -5 -6 -5 -5 -6 -6 -6 -6 -6 -6 -6 -5 -6 -5 -6 -6 -6 -6 -6 -5 -6 -5 -6 -6 -6 -5 -6 -5 -5 -6 -6 -6 -6 -6 -6 -6 -5 -6 -6 -5 -6 -6 -6 -5 -6 -6 -6 -5 -6 -5 -6 -5 -6 -6 -6 -6 -6 -6 -6 -6 -5 -6 -6 -6 -6 -6 -6 -6 -5 -6 -6 -6 -5 
-6 -6 -6 -6 -6 -6 -6 -6 -6 -6 -6 -6 -6 -6 -6 -6 -6 -6 -6 -6 -6 -6 -6 -6 -6 -6 -6 -6 -6 -6 -6 -6 -6 -6 -6 -6 -6 -6 -7 -6 -6 -6 -6 -6 -6 -6 -6 -6 -7 -6 -6 -6 -6 -6 -6 -6 -6 -6 -6 -6 -6 -6 -7 -6 -6 -6 -6 -6 -6 -6 -6 -6 -6 -6 -6 -6 -6 -6 -7 -6 -6 -6 -6 -7 -6 -6 -6 -6 -6 -7 -6 -6 -6 -6 -6 
-6 -6 -5 -5 -6 -6 -5 -6 -5 -6 -5 -5 -6 -5 -6 -6 -5 -5 -5 -5 -6 -5 -5 -6 -5 -5 -5 -5 -6 -6 -6 -5 -5 -5 -5 -5 -6 -5 -6 -5 -6 -5 -5 -5 -6 -5 -6 -5 -6 -5 -5 -6 -6 -6 -6 -6 -6 -6 -5 -6 -5 -5 -6 -6 -6 -5 -6 -5 -6 -5 -6 -5 -6 -5 -6 -6 -6 -6 -6 -6 -6 -6 -5 -6 -6 -6 -6 -6 -6 -6 -5 -5 -5 -5 -5 
-6 -6 -6 -6 -6 -7 -6 -7 -6 -7 -6 -6 -7 -6 -6 -6 -6 -6 -6 -6 -6 -6 -6 -7 -6 -6 -6 -6 -7 -6 -7 -6 -6 -6 -6 -6 -6 -6 -7 -6 -7 -6 -6 -6 -6 -6 -6 -6 -7 -6 -6 -6 -6 -6 -6 -7 -6 -6 -6 -6 -6 -6 -7 -7 -6 -6 -7 -6 -6 -6 -7 -6 -6 -6 -6 -6 -6 -6 -7 -6 -6 -6 -6 -7 -6 -6 -6 -6 -7 -7 -6 -6 -6 -6 -6 
-6 -6 -5 -5 -6 -6 -5 -6 -5 -6 -5 -5 -6 -6 -6 -6 -5 -5 -5 -5 -6 -5 -5 -6 -5 -5 -5 -5 -6 -6 -6 -5 -5 -5 -5 -5 -6 -5 -6 -5 -6 -5 -5 -5 -6 -5 -6 -5 -6 -5 -5 -6 -6 -6 -6 -6 -6 -6 -5 -6 -5 -5 -6 -6 -6 -5 -6 -5 -6 -5 -6 -5 -6 -5 -6 -6 -6 -6 -6 -6 -6 -6 -5 -6 -6 -6 -6 -6 -6 -6 -5 -5 -5 -5 -5 
-6 -6 -6 -6 -6 -6 -6 -6 -5 -6 -6 -6 -6 -6 -6 -6 -5 -6 -6 -5 -6 -5 -5 -6 -5 -5 -6 -6 -6 -6 -6 -6 -6 -6 -6 -5 -6 -6 -6 -6 -6 -5 -6 -6 -6 -6 -6 -6 -6 -5 -5 -6 -6 -6 -6 -6 -6 -6 -6 -6 -6 -5 -6 -6 -6 -5 -6 -6 -6 -6 -6 -6 -6 -5 -6 -6 -6 -6 -6 -6 -6 -6 -5 -6 -6 -6 -6 -6 -6 -6 -5 -6 -6 -6 -5 
-6 -6 -5 -5 -6 -6 -5 -6 -5 -6 -5 -5 -6 -5 -6 -6 -5 -5 -5 -5 -6 -5 -5 -6 -5 -5 -5 -5 -6 -6 -6 -5 -5 -5 -5 -5 -6 -5 -6 -5 -6 -5 -5 -5 -6 -5 -6 -5 -6 -5 -5 -6 -6 -6 -6 -6 -6 -6 -5 -6 -5 -5 -6 -6 -6 -5 -6 -5 -6 -5 -6 -5 -5 -5 -6 -6 -6 -6 -6 -6 -6 -5 -5 -6 -6 -6 -6 -6 -6 -6 -5 -5 -5 -5 -5 
-6 -6 -6 -6 -6 -6 -6 -6 -6 -6 -6 -6 -6 -6 -6 -6 -6 -6 -6 -5 -6 -5 -6 -6 -6 -5 -6 -6 -6 -6 -6 -6 -6 -6 -6 -5 -6 -6 -6 -6 -6 -6 -6 -6 -6 -6 -6 -6 -6 -6 -6 -6 -6 -6 -6 -6 -6 -6 -6 -6 -6 -5 -6 -6 -6 -6 -6 -6 -6 -6 -6 -6 -6 -6 -6 -6 -6 -6 -6 -6 -6 -6 -6 -6 -6 -6 -6 -6 -6 -6 -6 -6 -6 -6 -5 
-6 -6 -6 -6 -6 -6 -6 -6 -6 -6 -6 -6 -6 -6 -6 -6 -6 -6 -6 -6 -6 -6 -6 -6 -6 -6 -6 -6 -6 -6 -6 -6 -6 -6 -6 -6 -6 -6 -6 -6 -6 -6 -6 -6 -6 -6 -6 -6 -6 -6 -6 -6 -6 -6 -6 -6 -6 -6 -6 -6 -6 -6 -6 -6 -6 -6 -6 -6 -6 -6 -6 -6 -6 -6 -6 -6 -6 -6 -6 -6 -6 -6 -6 -6 -6 -6 -6 -6 -6 -6 -6 -6 -6 -6 -6 
-6 -6 -6 -6 -6 -6 -6 -6 -6 -6 -6 -6 -6 -6 -6 -6 -6 -6 -6 -6 -6 -6 -6 -6 -6 -6 -6 -6 -6 -6 -6 -6 -6 -6 -6 -6 -6 -6 -6 -6 -6 -6 -6 -6 -6 -6 -6 -6 -7 -6 -6 -6 -6 -6 -6 -6 -6 -6 -6 -6 -6 -6 -6 -6 -6 -6 -6 -6 -6 -6 -6 -6 -6 -6 -6 -6 -6 -6 -6 -6 -6 -6 -6 -7 -6 -6 -6 -6 -6 -7 -6 -6 -6 -6 -6 
-6 -6 -6 -6 -6 -6 -6 -6 -6 -6 -6 -6 -6 -6 -6 -6 -6 -6 -6 -5 -6 -5 -6 -6 -6 -5 -6 -6 -6 -6 -6 -6 -6 -6 -6 -6 -6 -6 -6 -6 -6 -6 -6 -6 -6 -6 -6 -6 -6 -6 -6 -6 -6 -6 -6 -6 -6 -6 -6 -6 -6 -6 -6 -6 -6 -6 -6 -6 -6 -6 -6 -6 -6 -6 -6 -6 -6 -6 -6 -6 -6 -6 -6 -6 -6 -6 -6 -6 -6 -6 -6 -6 -6 -6 -5 
-6 -7 -6 -6 -6 -7 -6 -7 -6 -7 -6 -6 -7 -6 -6 -6 -6 -6 -6 -6 -6 -6 -6 -7 -6 -6 -6 -6 -7 -6 -7 -6 -6 -6 -6 -6 -6 -6 -7 -6 -7 -6 -6 -6 -6 -6 -6 -6 -7 -6 -6 -6 -6 -6 -7 -7 -6 -6 -6 -6 -6 -6 -7 -7 -6 -6 -7 -6 -7 -6 -7 -6 -6 -6 -6 -6 -6 -6 -7 -6 -7 -6 -6 -7 -6 -6 -6 -6 -7 -7 -6 -6 -6 -6 -6 
-6 -6 -6 -6 -6 -6 -6 -6 -5 -6 -6 -6 -6 -6 -6 -6 -5 -6 -6 -5 -6 -5 -6 -6 -5 -5 -6 -6 -6 -6 -6 -6 -6 -6 -6 -5 -6 -6 -6 -6 -6 -5 -6 -6 -6 -6 -6 -6 -6 -5 -5 -6 -6 -6 -6 -6 -6 -6 -6 -6 -6 -5 -6 -6 -6 -5 -6 -6 -6 -6 -6 -6 -6 -6 -6 -6 -6 -6 -6 -6 -6 -6 -5 -6 -6 -6 -6 -6 -6 -6 -6 -6 -6 -6 -5 
-6 -6 -6 -6 -6 -6 -6 -6 -6 -6 -6 -6 -6 -6 -6 -6 -6 -6 -6 -6 -6 -6 -6 -6 -6 -6 -6 -6 -7 -6 -6 -6 -6 -6 -6 -6 -6 -6 -7 -6 -6 -6 -6 -6 -6 -6 -6 -6 -7 -6 -6 -6 -6 -6 -6 -6 -6 -6 -6 -6 -6 -6 -7 -6 -6 -6 -6 -6 -6 -6 -6 -6 -6 -6 -6 -6 -6 -6 -7 -6 -6 -6 -6 -7 -6 -6 -6 -6 -7 -7 -6 -6 -6 -6 -6 
-6 -6 -6 -6 -6 -6 -6 -6 -5 -6 -6 -6 -6 -6 -6 -6 -5 -6 -6 -5 -6 -5 -6 -6 -5 -5 -6 -6 -6 -6 -6 -6 -6 -6 -6 -5 -6 -6 -6 -6 -6 -5 -6 -6 -6 -6 -6 -6 -6 -5 -5 -6 -6 -6 -6 -6 -6 -6 -6 -6 -6 -5 -6 -6 -6 -5 -6 -6 -6 -6 -6 -6 -6 -5 -6 -6 -6 -6 -6 -6 -6 -6 -5 -6 -6 -6 -6 -6 -6 -6 -5 -6 -6 -6 -5 
-6 -6 -5 -5 -6 -6 -5 -6 -5 -6 -5 -5 -6 -5 -5 -6 -5 -5 -5 -5 -5 -5 -5 -6 -5 -5 -5 -5 -6 -6 -6 -5 -5 -5 -5 -5 -6 -5 -6 -5 -6 -5 -5 -5 -5 -5 -5 -5 -6 -5 -5 -5 -5 -5 -6 -6 -5 -5 -5 -5 -5 -5 -6 -6 -5 -5 -6 -5 -6 -5 -6 -5 -5 -5 -6 -6 -6 -6 -6 -5 -6 -5 -5 -6 -6 -6 -5 -5 -6 -6 -5 -5 -5 -5 -5 
-6 -7 -6 -6 -6 -7 -6 -7 -6 -7 -6 -6 -7 -6 -6 -6 -6 -6 -6 -6 -6 -6 -6 -7 -6 -6 -6 -6 -7 -6 -7 -6 -6 -6 -6 -6 -6 -6 -7 -6 -7 -6 -6 -6 -6 -6 -6 -6 -7 -6 -6 -6 -6 -6 -7 -7 -6 -6 -6 -6 -6 -6 -7 -7 -6 -6 -7 -6 -7 -6 -7 -6 -6 -6 -6 -6 -7 -6 -7 -6 -7 -6 -6 -7 -6 -6 -6 -6 -7 -7 -6 -6 -6 -6 -6 
-6 -6 -6 -6 -6 -6 -6 -6 -6 -6 -6 -6 -6 -6 -6 -6 -6 -6 -6 -6 -6 -5 -6 -6 -6 -6 -6 -6 -6 -6 -6 -6 -6 -6 -6 -6 -6 -6 -6 -6 -6 -6 -6 -6 -6 -6 -6 -6 -6 -6 -6 -6 -6 -6 -6 -6 -6 -6 -6 -6 -6 -6 -6 -6 -6 -6 -6 -6 -6 -6 -6 -6 -6 -6 -6 -6 -6 -6 -6 -6 -6 -6 -6 -6 -6 -6 -6 -6 -6 -6 -6 -6 -6 -6 -6 
-6 -6 -6 -6 -6 -6 -6 -6 -6 -6 -6 -6 -6 -6 -6 -6 -6 -6 -6 -5 -6 -5 -6 -6 -6 -5 -6 -6 -6 -6 -6 -6 -6 -6 -6 -6 -6 -6 -6 -6 -6 -6 -6 -6 -6 -6 -6 -6 -6 -6 -6 -6 -6 -6 -6 -6 -6 -6 -6 -6 -6 -6 -6 -6 -6 -6 -6 -6 -6 -6 -6 -6 -6 -6 -6 -6 -6 -6 -6 -6 -6 -6 -6 -6 -6 -6 -6 -6 -6 -6 -6 -6 -6 -6 -5 
-6 -6 -6 -6 -6 -6 -6 -6 -5 -6 -6 -6 -6 -6 -6 -6 -6 -6 -6 -5 -6 -5 -6 -6 -5 -5 -6 -6 -6 -6 -6 -6 -6 -6 -6 -5 -6 -6 -6 -6 -6 -6 -6 -6 -6 -6 -6 -6 -6 -6 -5 -6 -6 -6 -6 -6 -6 -6 -6 -6 -6 -5 -6 -6 -6 -6 -6 -6 -6 -6 -6 -6 -6 -6 -6 -6 -6 -6 -6 -6 -6 -6 -5 -6 -6 -6 -6 -6 -6 -6 -6 -6 -6 -6 -5 
-6 -6 -6 -6 -6 -6 -6 -6 -5 -6 -6 -6 -6 -6 -6 -6 -6 -6 -6 -5 -6 -5 -6 -6 -5 -5 -6 -6 -6 -6 -6 -6 -6 -6 -6 -5 -6 -6 -6 -6 -6 -6 -6 -6 -6 -6 -6 -6 -6 -5 -5 -6 -6 -6 -6 -6 -6 -6 -6 -6 -6 -5 -6 -6 -6 -6 -6 -6 -6 -6 -6 -6 -6 -6 -6 -6 -6 -6 -6 -6 -6 -6 -5 -6 -6 -6 -6 -6 -6 -6 -6 -6 -6 -6 -5 
-6 -6 -6 -6 -6 -7 -6 -7 -6 -7 -6 -6 -7 -6 -6 -6 -6 -6 -6 -6 -6 -6 -6 -7 -6 -6 -6 -6 -7 -6 -7 -6 -6 -6 -6 -6 -6 -6 -7 -6 -7 -6 -6 -6 -6 -6 -6 -6 -7 -6 -6 -6 -6 -6 -7 -7 -6 -6 -6 -6 -6 -6 -7 -7 -6 -6 -7 -6 -6 -6 -7 -6 -6 -6 -6 -6 -6 -6 -7 -6 -7 -6 -6 -7 -6 -6 -6 -6 -7 -7 -6 -6 -6 -6 -6 
-6 -7 -6 -6 -6 -7 -6 -7 -6 -7 -6 -6 -7 -6 -6 -6 -6 -6 -6 -6 -6 -6 -6 -7 -6 -6 -6 -6 -7 -6 -7 -6 -6 -6 -6 -6 -6 -6 -7 -6 -7 -6 -6 -6 -6 -6 -6 -6 -7 -6 -6 -6 -6 -6 -7 -7 -6 -6 -6 -6 -6 -6 -7 -7 -6 -6 -7 -6 -7 -6 -7 -6 -6 -6 -6 -6 -7 -6 -7 -6 -7 -6 -6 -7 -6 -6 -6 -6 -7 -7 -6 -6 -6 -6 -6 
-6 -6 -5 -5 -6 -6 -5 -6 -5 -6 -5 -5 -6 -5 -6 -6 -5 -5 -5 -5 -6 -5 -5 -6 -5 -5 -5 -5 -6 -6 -6 -5 -5 -5 -5 -5 -6 -5 -6 -5 -6 -5 -5 -5 -6 -5 -6 -5 -6 -5 -5 -6 -6 -6 -6 -6 -6 -6 -5 -6 -5 -5 -6 -6 -6 -5 -6 -5 -6 -5 -6 -5 -5 -5 -6 -6 -6 -6 -6 -6 -6 -5 -5 -6 -6 -6 -6 -6 -6 -6 -5 -5 -5 -5 -5 
-6 -6 -5 -5 -6 -6 -5 -6 -5 -6 -5 -5 -6 -6 -6 -6 -5 -6 -6 -5 -6 -5 -5 -6 -5 -5 -6 -6 -6 -6 -6 -5 -6 -5 -6 -5 -6 -5 -6 -6 -6 -5 -6 -5 -6 -6 -6 -5 -6 -5 -5 -6 -6 -6 -6 -6 -6 -6 -5 -6 -5 -5 -6 -6 -6 -5 -6 -6 -6 -5 -6 -5 -6 -5 -6 -6 -6 -6 -6 -6 -6 -6 -5 -6 -6 -6 -6 -6 -6 -6 -5 -6 -6 -6 -5 
-6 -6 -6 -5 -6 -6 -5 -6 -5 -6 -5 -5 -6 -6 -6 -6 -5 -6 -6 -5 -6 -5 -5 -6 -5 -5 -6 -6 -6 -6 -6 -6 -6 -5 -6 -5 -6 -6 -6 -6 -6 -5 -6 -5 -6 -6 -6 -5 -6 -5 -5 -6 -6 -6 -6 -6 -6 -6 -5 -6 -6 -5 -6 -6 -6 -5 -6 -6 -6 -5 -6 -5 -6 -5 -6 -6 -6 -6 -6 -6 -6 -6 -5 -6 -6 -6 -6 -6 -6 -6 -5 -6 -6 -6 -5 
-6 -6 -6 -5 -6 -6 -5 -6 -5 -6 -5 -5 -6 -6 -6 -6 -5 -6 -6 -5 -6 -5 -5 -6 -5 -5 -6 -6 -6 -6 -6 -5 -6 -5 -6 -5 -6 -5 -6 -6 -6 -5 -6 -5 -6 -6 -6 -5 -6 -5 -5 -6 -6 -6 -6 -6 -6 -6 -5 -6 -6 -5 -6 -6 -6 -5 -6 -6 -6 -5 -6 -5 -6 -5 -6 -6 -6 -6 -6 -6 -6 -6 -5 -6 -6 -6 -6 -6 -6 -6 -5 -6 -6 -6 -5 
-6 -6 -5 -5 -5 -6 -5 -6 -5 -6 -5 -5 -6 -5 -5 -5 -5 -5 -5 -5 -5 -5 -5 -6 -5 -5 -5 -5 -6 -5 -6 -5 -5 -5 -5 -5 -5 -5 -6 -5 -6 -5 -5 -5 -5 -5 -5 -5 -6 -5 -5 -5 -5 -5 -6 -6 -5 -5 -5 -5 -5 -5 -6 -6 -5 -5 -6 -5 -6 -5 -6 -5 -5 -5 -5 -6 -6 -5 -6 -5 -6 -5 -5 -6 -6 -5 -5 -5 -6 -6 -5 -5 -5 -5 -5 
